1 1 968 960 <{3000}>
1 1 6482 4927 <{3005}>
1 1 3066 2494 <{3006}>
1 1 2858 2439 <{3007}>
1 1 2532 2084 <{3008}>
1 1 488 349 <{3010}>
1 1 1616 1239 <{3011}>
1 1 6215 4751 <{3014}>
1 1 2185 1684 <{3016}>
1 1 1494 1274 <{3018}>
1 1 2337 1858 <{3019}>
1 1 637 463 <{3020}>
1 1 1547 1131 <{3021}>
1 1 4551 3335 <{3022}>
1 1 2603 2005 <{3023}>
1 1 1670 1334 <{3024}>
1 1 769 629 <{3025}>
1 1 1609 1312 <{3026}>
1 1 2630 2204 <{3027}>
1 1 1193 1050 <{3028}>
1 1 1968 1726 <{3029}>
1 1 5401 4219 <{3030}>
1 1 5708 4423 <{3031}>
1 1 2965 2357 <{3032}>
1 1 831 751 <{3033}>
1 1 3285 2483 <{3034}>
1 1 3852 3110 <{3035}>
1 1 1501 1234 <{3036}>
1 1 1537 1327 <{3037}>
1 1 3671 2893 <{3038}>
1 1 1083 847 <{3040}>
1 1 5661 4515 <{3042}>
1 1 337 296 <{3045}>
1 1 1429 1184 <{3046}>
1 1 2391 1872 <{3047}>
1 1 3441 2482 <{3048}>
1 1 3200 2474 <{3049}>
1 1 2279 1934 <{3051}>
1 1 2293 1842 <{3052}>
1 1 995 845 <{3054}>
1 1 3340 2729 <{3055}>
1 1 1629 1162 <{3056}>
1 1 452 370 <{3057}>
1 1 2091 1628 <{3058}>
1 1 799 542 <{3059}>
1 1 441 351 <{3060}>
1 1 2564 2068 <{3062}>
1 1 3905 3108 <{3063}>
1 1 5196 4053 <{3064}>
1 1 1153 977 <{3065}>
1 1 1502 1203 <{3066}>
1 1 4034 3021 <{3067}>
1 1 3278 2971 <{3068}>
1 1 5569 4219 <{3069}>
1 1 2605 2142 <{3074}>
1 1 2459 1990 <{3075}>
1 1 2109 1677 <{3076}>
1 1 899 762 <{3077}>
1 1 1002 765 <{3078}>
1 1 813 648 <{3079}>
1 1 694 608 <{3081}>
1 1 4892 3615 <{3082}>
2 2 1555 1197 <{3005}->{3005}>
2 2 486 416 <{3005}->{3006}>
2 2 361 313 <{3005}->{3007}>
2 2 495 415 <{3005}->{3008}>
2 2 327 261 <{3005}->{3011}>
2 2 737 575 <{3005}->{3014}>
2 2 368 289 <{3005}->{3019}>
2 2 711 510 <{3005}->{3022}>
2 2 378 293 <{3005}->{3023}>
2 2 262 213 <{3005}->{3026}>
2 2 262 223 <{3005}->{3027}>
2 2 249 217 <{3005}->{3029}>
2 2 649 512 <{3005}->{3030}>
2 2 1280 968 <{3005}->{3031}>
2 2 523 408 <{3005}->{3032}>
2 2 878 664 <{3005}->{3034}>
2 2 605 493 <{3005}->{3035}>
2 2 250 217 <{3005}->{3037}>
2 2 556 437 <{3005}->{3038}>
2 2 785 622 <{3005}->{3042}>
2 2 369 276 <{3005}->{3047}>
2 2 544 407 <{3005}->{3048}>
2 2 526 402 <{3005}->{3049}>
2 2 369 318 <{3005}->{3051}>
2 2 341 270 <{3005}->{3052}>
2 2 536 445 <{3005}->{3055}>
2 2 317 253 <{3005}->{3058}>
2 2 540 436 <{3005}->{3062}>
2 2 630 520 <{3005}->{3063}>
2 2 852 669 <{3005}->{3064}>
2 2 663 507 <{3005}->{3067}>
2 2 913 698 <{3005}->{3069}>
2 2 418 345 <{3005}->{3074}>
2 2 466 388 <{3005}->{3075}>
2 2 406 334 <{3005}->{3076}>
2 2 787 574 <{3005}->{3082}>
2 2 654 511 <{3006}->{3005}>
2 2 572 471 <{3006}->{3006}>
2 2 260 217 <{3006}->{3008}>
2 2 472 379 <{3006}->{3014}>
2 2 283 216 <{3006}->{3019}>
2 2 414 319 <{3006}->{3022}>
2 2 373 286 <{3006}->{3030}>
2 2 665 509 <{3006}->{3031}>
2 2 314 254 <{3006}->{3032}>
2 2 340 253 <{3006}->{3034}>
2 2 388 317 <{3006}->{3035}>
2 2 446 347 <{3006}->{3038}>
2 2 510 406 <{3006}->{3042}>
2 2 335 238 <{3006}->{3048}>
2 2 268 227 <{3006}->{3055}>
2 2 472 372 <{3006}->{3063}>
2 2 431 347 <{3006}->{3064}>
2 2 455 328 <{3006}->{3067}>
2 2 552 414 <{3006}->{3069}>
2 2 254 226 <{3006}->{3074}>
2 2 266 227 <{3006}->{3075}>
2 2 567 401 <{3006}->{3082}>
2 2 690 533 <{3007}->{3005}>
2 2 336 265 <{3007}->{3006}>
2 2 419 358 <{3007}->{3007}>
2 2 286 241 <{3007}->{3008}>
2 2 462 370 <{3007}->{3014}>
2 2 247 219 <{3007}->{3018}>
2 2 457 347 <{3007}->{3022}>
2 2 363 296 <{3007}->{3030}>
2 2 700 527 <{3007}->{3031}>
2 2 350 285 <{3007}->{3032}>
2 2 446 338 <{3007}->{3034}>
2 2 455 367 <{3007}->{3035}>
2 2 347 274 <{3007}->{3038}>
2 2 502 404 <{3007}->{3042}>
2 2 295 225 <{3007}->{3047}>
2 2 380 270 <{3007}->{3048}>
2 2 292 231 <{3007}->{3049}>
2 2 279 229 <{3007}->{3055}>
2 2 500 413 <{3007}->{3063}>
2 2 647 525 <{3007}->{3064}>
2 2 473 362 <{3007}->{3067}>
2 2 696 516 <{3007}->{3069}>
2 2 317 262 <{3007}->{3074}>
2 2 344 280 <{3007}->{3075}>
2 2 534 386 <{3007}->{3082}>
2 2 576 442 <{3008}->{3005}>
2 2 448 375 <{3008}->{3008}>
2 2 276 211 <{3008}->{3011}>
2 2 348 268 <{3008}->{3014}>
2 2 305 224 <{3008}->{3022}>
2 2 550 428 <{3008}->{3031}>
2 2 311 255 <{3008}->{3032}>
2 2 329 267 <{3008}->{3035}>
2 2 365 297 <{3008}->{3042}>
2 2 283 217 <{3008}->{3049}>
2 2 385 298 <{3008}->{3063}>
2 2 432 339 <{3008}->{3064}>
2 2 353 256 <{3008}->{3067}>
2 2 478 347 <{3008}->{3069}>
2 2 362 278 <{3008}->{3082}>
2 2 324 237 <{3011}->{3005}>
2 2 377 256 <{3011}->{3011}>
2 2 883 667 <{3014}->{3005}>
2 2 433 359 <{3014}->{3006}>
2 2 343 294 <{3014}->{3007}>
2 2 289 241 <{3014}->{3008}>
2 2 1464 1108 <{3014}->{3014}>
2 2 676 518 <{3014}->{3016}>
2 2 407 329 <{3014}->{3019}>
2 2 298 219 <{3014}->{3021}>
2 2 851 632 <{3014}->{3022}>
2 2 434 339 <{3014}->{3023}>
2 2 458 375 <{3014}->{3027}>
2 2 265 228 <{3014}->{3029}>
2 2 1218 940 <{3014}->{3030}>
2 2 981 755 <{3014}->{3031}>
2 2 399 309 <{3014}->{3032}>
2 2 367 284 <{3014}->{3034}>
2 2 497 411 <{3014}->{3035}>
2 2 247 213 <{3014}->{3036}>
2 2 285 246 <{3014}->{3037}>
2 2 503 392 <{3014}->{3038}>
2 2 856 674 <{3014}->{3042}>
2 2 280 221 <{3014}->{3047}>
2 2 587 422 <{3014}->{3048}>
2 2 310 241 <{3014}->{3049}>
2 2 331 284 <{3014}->{3051}>
2 2 346 280 <{3014}->{3055}>
2 2 357 287 <{3014}->{3058}>
2 2 406 331 <{3014}->{3062}>
2 2 547 439 <{3014}->{3063}>
2 2 637 507 <{3014}->{3064}>
2 2 275 230 <{3014}->{3066}>
2 2 529 404 <{3014}->{3067}>
2 2 899 683 <{3014}->{3069}>
2 2 297 241 <{3014}->{3074}>
2 2 329 275 <{3014}->{3075}>
2 2 347 283 <{3014}->{3076}>
2 2 752 554 <{3014}->{3082}>
2 2 362 278 <{3016}->{3005}>
2 2 654 491 <{3016}->{3014}>
2 2 501 372 <{3016}->{3016}>
2 2 348 258 <{3016}->{3023}>
2 2 407 310 <{3016}->{3030}>
2 2 476 364 <{3016}->{3031}>
2 2 446 348 <{3016}->{3042}>
2 2 360 278 <{3016}->{3069}>
2 2 300 212 <{3016}->{3082}>
2 2 298 231 <{3018}->{3005}>
2 2 273 218 <{3018}->{3064}>
2 2 280 214 <{3018}->{3069}>
2 2 383 303 <{3019}->{3005}>
2 2 260 217 <{3019}->{3006}>
2 2 366 286 <{3019}->{3014}>
2 2 479 382 <{3019}->{3019}>
2 2 354 285 <{3019}->{3030}>
2 2 337 264 <{3019}->{3031}>
2 2 352 282 <{3019}->{3042}>
2 2 346 277 <{3019}->{3047}>
2 2 295 233 <{3019}->{3063}>
2 2 305 248 <{3019}->{3064}>
2 2 342 249 <{3019}->{3069}>
2 2 278 225 <{3021}->{3014}>
2 2 416 308 <{3021}->{3021}>
2 2 780 613 <{3022}->{3005}>
2 2 322 266 <{3022}->{3006}>
2 2 276 246 <{3022}->{3007}>
2 2 679 524 <{3022}->{3014}>
2 2 1216 870 <{3022}->{3022}>
2 2 281 212 <{3022}->{3023}>
2 2 305 252 <{3022}->{3027}>
2 2 472 358 <{3022}->{3030}>
2 2 813 647 <{3022}->{3031}>
2 2 326 244 <{3022}->{3032}>
2 2 303 240 <{3022}->{3034}>
2 2 378 317 <{3022}->{3035}>
2 2 301 253 <{3022}->{3036}>
2 2 316 262 <{3022}->{3037}>
2 2 513 412 <{3022}->{3038}>
2 2 665 529 <{3022}->{3042}>
2 2 557 424 <{3022}->{3048}>
2 2 291 228 <{3022}->{3049}>
2 2 320 263 <{3022}->{3055}>
2 2 542 428 <{3022}->{3058}>
2 2 338 283 <{3022}->{3062}>
2 2 492 386 <{3022}->{3063}>
2 2 516 412 <{3022}->{3064}>
2 2 544 412 <{3022}->{3067}>
2 2 694 529 <{3022}->{3069}>
2 2 365 296 <{3022}->{3075}>
2 2 807 587 <{3022}->{3082}>
2 2 377 285 <{3023}->{3005}>
2 2 471 375 <{3023}->{3014}>
2 2 598 427 <{3023}->{3023}>
2 2 345 273 <{3023}->{3030}>
2 2 413 320 <{3023}->{3031}>
2 2 420 333 <{3023}->{3042}>
2 2 301 230 <{3023}->{3064}>
2 2 368 280 <{3023}->{3069}>
2 2 374 273 <{3023}->{3082}>
2 2 320 253 <{3024}->{3005}>
2 2 362 278 <{3024}->{3014}>
2 2 336 249 <{3024}->{3024}>
2 2 291 225 <{3024}->{3030}>
2 2 308 236 <{3024}->{3031}>
2 2 535 420 <{3024}->{3042}>
2 2 319 248 <{3024}->{3064}>
2 2 308 242 <{3024}->{3069}>
2 2 502 383 <{3026}->{3005}>
2 2 322 259 <{3026}->{3014}>
2 2 334 249 <{3026}->{3022}>
2 2 297 239 <{3026}->{3026}>
2 2 296 240 <{3026}->{3030}>
2 2 320 246 <{3026}->{3031}>
2 2 295 219 <{3026}->{3042}>
2 2 340 260 <{3026}->{3069}>
2 2 624 493 <{3027}->{3005}>
2 2 709 561 <{3027}->{3014}>
2 2 465 348 <{3027}->{3022}>
2 2 426 352 <{3027}->{3027}>
2 2 393 319 <{3027}->{3030}>
2 2 587 457 <{3027}->{3031}>
2 2 292 212 <{3027}->{3034}>
2 2 329 267 <{3027}->{3035}>
2 2 294 233 <{3027}->{3038}>
2 2 679 537 <{3027}->{3042}>
2 2 326 266 <{3027}->{3063}>
2 2 422 333 <{3027}->{3064}>
2 2 394 298 <{3027}->{3067}>
2 2 478 356 <{3027}->{3069}>
2 2 465 345 <{3027}->{3082}>
2 2 289 220 <{3028}->{3005}>
2 2 282 215 <{3028}->{3014}>
2 2 327 255 <{3028}->{3031}>
2 2 290 214 <{3028}->{3069}>
2 2 454 354 <{3029}->{3005}>
2 2 446 364 <{3029}->{3014}>
2 2 440 324 <{3029}->{3022}>
2 2 242 215 <{3029}->{3029}>
2 2 428 336 <{3029}->{3030}>
2 2 448 357 <{3029}->{3031}>
2 2 513 411 <{3029}->{3042}>
2 2 313 227 <{3029}->{3048}>
2 2 302 243 <{3029}->{3064}>
2 2 393 294 <{3029}->{3069}>
2 2 420 306 <{3029}->{3082}>
2 2 1022 798 <{3030}->{3005}>
2 2 433 355 <{3030}->{3006}>
2 2 315 263 <{3030}->{3007}>
2 2 302 260 <{3030}->{3008}>
2 2 1651 1296 <{3030}->{3014}>
2 2 484 356 <{3030}->{3016}>
2 2 476 384 <{3030}->{3019}>
2 2 285 223 <{3030}->{3021}>
2 2 757 558 <{3030}->{3022}>
2 2 581 442 <{3030}->{3023}>
2 2 337 285 <{3030}->{3027}>
2 2 249 217 <{3030}->{3029}>
2 2 1182 891 <{3030}->{3030}>
2 2 951 730 <{3030}->{3031}>
2 2 489 397 <{3030}->{3032}>
2 2 429 344 <{3030}->{3034}>
2 2 506 403 <{3030}->{3035}>
2 2 274 232 <{3030}->{3036}>
2 2 500 401 <{3030}->{3038}>
2 2 1183 960 <{3030}->{3042}>
2 2 295 229 <{3030}->{3047}>
2 2 556 406 <{3030}->{3048}>
2 2 428 337 <{3030}->{3049}>
2 2 319 277 <{3030}->{3051}>
2 2 416 340 <{3030}->{3055}>
2 2 327 260 <{3030}->{3058}>
2 2 336 274 <{3030}->{3062}>
2 2 640 516 <{3030}->{3063}>
2 2 716 569 <{3030}->{3064}>
2 2 557 424 <{3030}->{3067}>
2 2 863 650 <{3030}->{3069}>
2 2 340 275 <{3030}->{3074}>
2 2 370 308 <{3030}->{3075}>
2 2 306 239 <{3030}->{3076}>
2 2 890 645 <{3030}->{3082}>
2 2 1394 1097 <{3031}->{3005}>
2 2 443 372 <{3031}->{3006}>
2 2 287 251 <{3031}->{3007}>
2 2 455 380 <{3031}->{3008}>
2 2 272 213 <{3031}->{3011}>
2 2 750 593 <{3031}->{3014}>
2 2 289 230 <{3031}->{3016}>
2 2 260 222 <{3031}->{3018}>
2 2 353 285 <{3031}->{3019}>
2 2 803 581 <{3031}->{3022}>
2 2 335 264 <{3031}->{3023}>
2 2 257 216 <{3031}->{3027}>
2 2 601 476 <{3031}->{3030}>
2 2 1285 991 <{3031}->{3031}>
2 2 659 501 <{3031}->{3032}>
2 2 567 428 <{3031}->{3034}>
2 2 685 555 <{3031}->{3035}>
2 2 567 431 <{3031}->{3038}>
2 2 731 573 <{3031}->{3042}>
2 2 347 274 <{3031}->{3047}>
2 2 478 354 <{3031}->{3048}>
2 2 375 287 <{3031}->{3049}>
2 2 342 288 <{3031}->{3051}>
2 2 271 226 <{3031}->{3052}>
2 2 426 359 <{3031}->{3055}>
2 2 358 283 <{3031}->{3058}>
2 2 352 283 <{3031}->{3062}>
2 2 541 437 <{3031}->{3063}>
2 2 912 713 <{3031}->{3064}>
2 2 599 453 <{3031}->{3067}>
2 2 833 628 <{3031}->{3069}>
2 2 442 369 <{3031}->{3074}>
2 2 429 355 <{3031}->{3075}>
2 2 347 273 <{3031}->{3076}>
2 2 828 619 <{3031}->{3082}>
2 2 561 438 <{3032}->{3005}>
2 2 266 219 <{3032}->{3006}>
2 2 378 309 <{3032}->{3014}>
2 2 255 213 <{3032}->{3019}>
2 2 329 252 <{3032}->{3022}>
2 2 378 297 <{3032}->{3030}>
2 2 591 467 <{3032}->{3031}>
2 2 608 438 <{3032}->{3032}>
2 2 477 365 <{3032}->{3034}>
2 2 333 269 <{3032}->{3035}>
2 2 274 221 <{3032}->{3038}>
2 2 456 361 <{3032}->{3042}>
2 2 317 255 <{3032}->{3063}>
2 2 524 404 <{3032}->{3064}>
2 2 404 307 <{3032}->{3067}>
2 2 434 315 <{3032}->{3069}>
2 2 298 254 <{3032}->{3074}>
2 2 364 268 <{3032}->{3082}>
2 2 917 718 <{3034}->{3005}>
2 2 357 296 <{3034}->{3006}>
2 2 263 237 <{3034}->{3007}>
2 2 389 310 <{3034}->{3014}>
2 2 285 232 <{3034}->{3019}>
2 2 356 253 <{3034}->{3022}>
2 2 359 286 <{3034}->{3030}>
2 2 606 477 <{3034}->{3031}>
2 2 573 458 <{3034}->{3032}>
2 2 802 577 <{3034}->{3034}>
2 2 550 463 <{3034}->{3035}>
2 2 339 262 <{3034}->{3038}>
2 2 463 376 <{3034}->{3042}>
2 2 349 239 <{3034}->{3048}>
2 2 387 304 <{3034}->{3063}>
2 2 660 499 <{3034}->{3064}>
2 2 377 281 <{3034}->{3067}>
2 2 525 398 <{3034}->{3069}>
2 2 315 255 <{3034}->{3074}>
2 2 278 233 <{3034}->{3075}>
2 2 430 311 <{3034}->{3082}>
2 2 830 631 <{3035}->{3005}>
2 2 437 367 <{3035}->{3006}>
2 2 260 220 <{3035}->{3007}>
2 2 357 296 <{3035}->{3008}>
2 2 334 260 <{3035}->{3011}>
2 2 609 471 <{3035}->{3014}>
2 2 323 247 <{3035}->{3019}>
2 2 453 332 <{3035}->{3022}>
2 2 498 390 <{3035}->{3030}>
2 2 885 641 <{3035}->{3031}>
2 2 419 335 <{3035}->{3032}>
2 2 539 414 <{3035}->{3034}>
2 2 742 595 <{3035}->{3035}>
2 2 473 369 <{3035}->{3038}>
2 2 561 452 <{3035}->{3042}>
2 2 318 254 <{3035}->{3047}>
2 2 371 273 <{3035}->{3048}>
2 2 477 350 <{3035}->{3049}>
2 2 305 267 <{3035}->{3051}>
2 2 276 231 <{3035}->{3052}>
2 2 399 327 <{3035}->{3055}>
2 2 528 418 <{3035}->{3063}>
2 2 613 481 <{3035}->{3064}>
2 2 533 400 <{3035}->{3067}>
2 2 611 478 <{3035}->{3069}>
2 2 343 292 <{3035}->{3074}>
2 2 321 270 <{3035}->{3075}>
2 2 299 234 <{3035}->{3076}>
2 2 548 402 <{3035}->{3082}>
2 2 351 247 <{3036}->{3022}>
2 2 267 211 <{3036}->{3036}>
2 2 291 236 <{3036}->{3042}>
2 2 315 227 <{3037}->{3022}>
2 2 325 247 <{3037}->{3082}>
2 2 725 568 <{3038}->{3005}>
2 2 382 318 <{3038}->{3006}>
2 2 281 231 <{3038}->{3008}>
2 2 650 514 <{3038}->{3014}>
2 2 591 449 <{3038}->{3022}>
2 2 328 251 <{3038}->{3023}>
2 2 499 400 <{3038}->{3030}>
2 2 658 507 <{3038}->{3031}>
2 2 335 255 <{3038}->{3032}>
2 2 360 275 <{3038}->{3034}>
2 2 406 328 <{3038}->{3035}>
2 2 778 609 <{3038}->{3038}>
2 2 722 565 <{3038}->{3042}>
2 2 386 281 <{3038}->{3048}>
2 2 267 222 <{3038}->{3055}>
2 2 281 226 <{3038}->{3058}>
2 2 287 232 <{3038}->{3062}>
2 2 437 339 <{3038}->{3063}>
2 2 606 489 <{3038}->{3064}>
2 2 398 297 <{3038}->{3067}>
2 2 616 449 <{3038}->{3069}>
2 2 308 249 <{3038}->{3074}>
2 2 363 298 <{3038}->{3075}>
2 2 631 481 <{3038}->{3082}>
2 2 302 230 <{3040}->{3005}>
2 2 780 620 <{3042}->{3005}>
2 2 428 351 <{3042}->{3006}>
2 2 290 258 <{3042}->{3007}>
2 2 252 219 <{3042}->{3008}>
2 2 799 624 <{3042}->{3014}>
2 2 447 331 <{3042}->{3016}>
2 2 386 314 <{3042}->{3019}>
2 2 716 511 <{3042}->{3022}>
2 2 581 429 <{3042}->{3023}>
2 2 488 408 <{3042}->{3027}>
2 2 727 553 <{3042}->{3030}>
2 2 857 683 <{3042}->{3031}>
2 2 398 311 <{3042}->{3032}>
2 2 372 284 <{3042}->{3034}>
2 2 458 373 <{3042}->{3035}>
2 2 267 216 <{3042}->{3036}>
2 2 241 211 <{3042}->{3037}>
2 2 418 318 <{3042}->{3038}>
2 2 1146 880 <{3042}->{3042}>
2 2 516 380 <{3042}->{3048}>
2 2 375 297 <{3042}->{3049}>
2 2 295 251 <{3042}->{3051}>
2 2 314 257 <{3042}->{3055}>
2 2 321 259 <{3042}->{3058}>
2 2 315 261 <{3042}->{3062}>
2 2 623 478 <{3042}->{3063}>
2 2 543 437 <{3042}->{3064}>
2 2 470 349 <{3042}->{3067}>
2 2 729 530 <{3042}->{3069}>
2 2 292 241 <{3042}->{3074}>
2 2 291 237 <{3042}->{3075}>
2 2 645 494 <{3042}->{3082}>
2 2 276 224 <{3046}->{3005}>
2 2 263 211 <{3046}->{3014}>
2 2 335 255 <{3046}->{3031}>
2 2 349 276 <{3046}->{3082}>
2 2 518 397 <{3047}->{3005}>
2 2 285 236 <{3047}->{3008}>
2 2 308 255 <{3047}->{3014}>
2 2 511 388 <{3047}->{3019}>
2 2 260 215 <{3047}->{3030}>
2 2 400 300 <{3047}->{3031}>
2 2 298 234 <{3047}->{3032}>
2 2 347 276 <{3047}->{3034}>
2 2 312 248 <{3047}->{3035}>
2 2 293 241 <{3047}->{3042}>
2 2 519 409 <{3047}->{3047}>
2 2 347 242 <{3047}->{3056}>
2 2 284 223 <{3047}->{3063}>
2 2 478 373 <{3047}->{3064}>
2 2 357 273 <{3047}->{3069}>
2 2 294 256 <{3047}->{3074}>
2 2 305 222 <{3047}->{3082}>
2 2 594 451 <{3048}->{3005}>
2 2 284 250 <{3048}->{3007}>
2 2 599 460 <{3048}->{3014}>
2 2 623 439 <{3048}->{3022}>
2 2 372 291 <{3048}->{3030}>
2 2 539 412 <{3048}->{3031}>
2 2 299 230 <{3048}->{3034}>
2 2 310 251 <{3048}->{3038}>
2 2 540 435 <{3048}->{3042}>
2 2 959 678 <{3048}->{3048}>
2 2 284 239 <{3048}->{3055}>
2 2 385 297 <{3048}->{3058}>
2 2 283 235 <{3048}->{3062}>
2 2 341 275 <{3048}->{3063}>
2 2 407 322 <{3048}->{3064}>
2 2 317 231 <{3048}->{3067}>
2 2 664 495 <{3048}->{3069}>
2 2 526 403 <{3048}->{3082}>
2 2 942 713 <{3049}->{3005}>
2 2 317 256 <{3049}->{3006}>
2 2 254 223 <{3049}->{3007}>
2 2 289 246 <{3049}->{3008}>
2 2 518 418 <{3049}->{3014}>
2 2 436 323 <{3049}->{3022}>
2 2 287 228 <{3049}->{3023}>
2 2 243 215 <{3049}->{3029}>
2 2 490 398 <{3049}->{3030}>
2 2 700 533 <{3049}->{3031}>
2 2 430 337 <{3049}->{3032}>
2 2 378 285 <{3049}->{3034}>
2 2 515 420 <{3049}->{3035}>
2 2 394 314 <{3049}->{3038}>
2 2 625 489 <{3049}->{3042}>
2 2 400 289 <{3049}->{3048}>
2 2 726 561 <{3049}->{3049}>
2 2 468 362 <{3049}->{3063}>
2 2 493 399 <{3049}->{3064}>
2 2 428 327 <{3049}->{3067}>
2 2 710 549 <{3049}->{3069}>
2 2 266 221 <{3049}->{3074}>
2 2 301 246 <{3049}->{3075}>
2 2 554 412 <{3049}->{3082}>
2 2 629 485 <{3051}->{3005}>
2 2 372 286 <{3051}->{3014}>
2 2 348 261 <{3051}->{3022}>
2 2 306 228 <{3051}->{3030}>
2 2 481 363 <{3051}->{3031}>
2 2 303 250 <{3051}->{3035}>
2 2 304 235 <{3051}->{3038}>
2 2 416 325 <{3051}->{3042}>
2 2 345 290 <{3051}->{3051}>
2 2 289 231 <{3051}->{3063}>
2 2 438 331 <{3051}->{3064}>
2 2 447 335 <{3051}->{3069}>
2 2 414 305 <{3051}->{3082}>
2 2 734 544 <{3052}->{3005}>
2 2 267 234 <{3052}->{3006}>
2 2 292 239 <{3052}->{3008}>
2 2 331 273 <{3052}->{3014}>
2 2 303 215 <{3052}->{3022}>
2 2 279 220 <{3052}->{3030}>
2 2 518 406 <{3052}->{3031}>
2 2 262 213 <{3052}->{3032}>
2 2 355 253 <{3052}->{3034}>
2 2 398 327 <{3052}->{3035}>
2 2 343 286 <{3052}->{3042}>
2 2 451 355 <{3052}->{3052}>
2 2 283 243 <{3052}->{3063}>
2 2 563 452 <{3052}->{3064}>
2 2 425 322 <{3052}->{3069}>
2 2 308 238 <{3052}->{3082}>
2 2 980 759 <{3055}->{3005}>
2 2 463 360 <{3055}->{3006}>
2 2 264 230 <{3055}->{3007}>
2 2 677 521 <{3055}->{3014}>
2 2 562 400 <{3055}->{3022}>
2 2 269 212 <{3055}->{3023}>
2 2 499 387 <{3055}->{3030}>
2 2 710 553 <{3055}->{3031}>
2 2 364 285 <{3055}->{3032}>
2 2 343 267 <{3055}->{3034}>
2 2 520 407 <{3055}->{3035}>
2 2 245 212 <{3055}->{3037}>
2 2 399 316 <{3055}->{3038}>
2 2 630 494 <{3055}->{3042}>
2 2 448 318 <{3055}->{3048}>
2 2 258 212 <{3055}->{3049}>
2 2 611 490 <{3055}->{3055}>
2 2 296 238 <{3055}->{3058}>
2 2 269 220 <{3055}->{3062}>
2 2 699 539 <{3055}->{3063}>
2 2 605 488 <{3055}->{3064}>
2 2 423 317 <{3055}->{3067}>
2 2 635 488 <{3055}->{3069}>
2 2 326 262 <{3055}->{3074}>
2 2 271 213 <{3055}->{3075}>
2 2 603 435 <{3055}->{3082}>
2 2 308 237 <{3056}->{3005}>
2 2 293 219 <{3056}->{3034}>
2 2 293 237 <{3056}->{3047}>
2 2 467 315 <{3056}->{3056}>
2 2 368 281 <{3058}->{3005}>
2 2 289 233 <{3058}->{3014}>
2 2 555 421 <{3058}->{3022}>
2 2 314 246 <{3058}->{3031}>
2 2 354 276 <{3058}->{3042}>
2 2 350 267 <{3058}->{3048}>
2 2 463 346 <{3058}->{3058}>
2 2 275 223 <{3058}->{3064}>
2 2 308 220 <{3058}->{3069}>
2 2 429 314 <{3058}->{3082}>
2 2 703 537 <{3062}->{3005}>
2 2 488 367 <{3062}->{3014}>
2 2 446 313 <{3062}->{3022}>
2 2 301 249 <{3062}->{3030}>
2 2 464 359 <{3062}->{3031}>
2 2 288 239 <{3062}->{3035}>
2 2 278 227 <{3062}->{3038}>
2 2 413 329 <{3062}->{3042}>
2 2 284 214 <{3062}->{3048}>
2 2 496 384 <{3062}->{3062}>
2 2 324 253 <{3062}->{3063}>
2 2 436 343 <{3062}->{3064}>
2 2 517 403 <{3062}->{3069}>
2 2 414 306 <{3062}->{3082}>
2 2 674 507 <{3063}->{3005}>
2 2 362 300 <{3063}->{3006}>
2 2 334 270 <{3063}->{3008}>
2 2 492 392 <{3063}->{3014}>
2 2 428 316 <{3063}->{3022}>
2 2 426 336 <{3063}->{3030}>
2 2 641 490 <{3063}->{3031}>
2 2 288 244 <{3063}->{3032}>
2 2 359 266 <{3063}->{3034}>
2 2 397 318 <{3063}->{3035}>
2 2 363 283 <{3063}->{3038}>
2 2 532 414 <{3063}->{3042}>
2 2 305 220 <{3063}->{3048}>
2 2 305 250 <{3063}->{3055}>
2 2 797 607 <{3063}->{3063}>
2 2 573 458 <{3063}->{3064}>
2 2 357 279 <{3063}->{3067}>
2 2 527 396 <{3063}->{3069}>
2 2 327 267 <{3063}->{3074}>
2 2 265 216 <{3063}->{3075}>
2 2 572 425 <{3063}->{3082}>
2 2 1091 820 <{3064}->{3005}>
2 2 468 385 <{3064}->{3006}>
2 2 318 274 <{3064}->{3007}>
2 2 416 355 <{3064}->{3008}>
2 2 706 590 <{3064}->{3014}>
2 2 268 229 <{3064}->{3018}>
2 2 380 301 <{3064}->{3019}>
2 2 663 469 <{3064}->{3022}>
2 2 366 291 <{3064}->{3023}>
2 2 636 504 <{3064}->{3030}>
2 2 1064 826 <{3064}->{3031}>
2 2 596 465 <{3064}->{3032}>
2 2 753 554 <{3064}->{3034}>
2 2 669 542 <{3064}->{3035}>
2 2 684 540 <{3064}->{3038}>
2 2 775 627 <{3064}->{3042}>
2 2 473 359 <{3064}->{3047}>
2 2 536 380 <{3064}->{3048}>
2 2 434 335 <{3064}->{3049}>
2 2 338 293 <{3064}->{3051}>
2 2 335 255 <{3064}->{3052}>
2 2 468 377 <{3064}->{3055}>
2 2 315 232 <{3064}->{3056}>
2 2 351 271 <{3064}->{3058}>
2 2 439 366 <{3064}->{3062}>
2 2 674 534 <{3064}->{3063}>
2 2 1143 891 <{3064}->{3064}>
2 2 686 524 <{3064}->{3067}>
2 2 999 751 <{3064}->{3069}>
2 2 410 339 <{3064}->{3074}>
2 2 437 362 <{3064}->{3075}>
2 2 419 327 <{3064}->{3076}>
2 2 811 593 <{3064}->{3082}>
2 2 275 213 <{3065}->{3038}>
2 2 306 231 <{3066}->{3005}>
2 2 422 313 <{3066}->{3014}>
2 2 299 229 <{3066}->{3031}>
2 2 292 225 <{3066}->{3035}>
2 2 297 227 <{3066}->{3042}>
2 2 299 231 <{3066}->{3066}>
2 2 368 273 <{3066}->{3069}>
2 2 933 698 <{3067}->{3005}>
2 2 442 365 <{3067}->{3006}>
2 2 365 317 <{3067}->{3007}>
2 2 357 297 <{3067}->{3008}>
2 2 680 536 <{3067}->{3014}>
2 2 594 431 <{3067}->{3022}>
2 2 302 241 <{3067}->{3023}>
2 2 268 219 <{3067}->{3027}>
2 2 517 409 <{3067}->{3030}>
2 2 744 575 <{3067}->{3031}>
2 2 468 377 <{3067}->{3032}>
2 2 390 299 <{3067}->{3034}>
2 2 558 456 <{3067}->{3035}>
2 2 456 353 <{3067}->{3038}>
2 2 658 515 <{3067}->{3042}>
2 2 338 254 <{3067}->{3048}>
2 2 348 273 <{3067}->{3049}>
2 2 258 216 <{3067}->{3051}>
2 2 321 259 <{3067}->{3055}>
2 2 287 229 <{3067}->{3062}>
2 2 501 404 <{3067}->{3063}>
2 2 683 538 <{3067}->{3064}>
2 2 1013 751 <{3067}->{3067}>
2 2 642 472 <{3067}->{3069}>
2 2 376 310 <{3067}->{3074}>
2 2 331 279 <{3067}->{3075}>
2 2 276 237 <{3067}->{3076}>
2 2 816 584 <{3067}->{3082}>
2 2 898 680 <{3068}->{3005}>
2 2 425 354 <{3068}->{3006}>
2 2 348 299 <{3068}->{3007}>
2 2 278 237 <{3068}->{3008}>
2 2 689 542 <{3068}->{3014}>
2 2 288 214 <{3068}->{3019}>
2 2 557 400 <{3068}->{3022}>
2 2 291 238 <{3068}->{3023}>
2 2 249 212 <{3068}->{3027}>
2 2 562 451 <{3068}->{3030}>
2 2 786 598 <{3068}->{3031}>
2 2 405 326 <{3068}->{3032}>
2 2 450 330 <{3068}->{3034}>
2 2 481 408 <{3068}->{3035}>
2 2 471 354 <{3068}->{3038}>
2 2 877 722 <{3068}->{3042}>
2 2 508 381 <{3068}->{3048}>
2 2 306 241 <{3068}->{3049}>
2 2 242 211 <{3068}->{3051}>
2 2 427 344 <{3068}->{3055}>
2 2 300 240 <{3068}->{3062}>
2 2 567 442 <{3068}->{3063}>
2 2 768 602 <{3068}->{3064}>
2 2 509 371 <{3068}->{3067}>
2 2 307 276 <{3068}->{3068}>
2 2 718 535 <{3068}->{3069}>
2 2 333 281 <{3068}->{3074}>
2 2 297 249 <{3068}->{3075}>
2 2 280 219 <{3068}->{3076}>
2 2 835 637 <{3068}->{3082}>
2 2 1018 778 <{3069}->{3005}>
2 2 504 399 <{3069}->{3006}>
2 2 375 329 <{3069}->{3007}>
2 2 379 320 <{3069}->{3008}>
2 2 967 749 <{3069}->{3014}>
2 2 312 247 <{3069}->{3016}>
2 2 338 285 <{3069}->{3019}>
2 2 287 220 <{3069}->{3021}>
2 2 907 675 <{3069}->{3022}>
2 2 518 393 <{3069}->{3023}>
2 2 317 279 <{3069}->{3027}>
2 2 743 582 <{3069}->{3030}>
2 2 974 740 <{3069}->{3031}>
2 2 426 346 <{3069}->{3032}>
2 2 491 367 <{3069}->{3034}>
2 2 543 447 <{3069}->{3035}>
2 2 287 234 <{3069}->{3036}>
2 2 263 230 <{3069}->{3037}>
2 2 549 431 <{3069}->{3038}>
2 2 1016 812 <{3069}->{3042}>
2 2 303 247 <{3069}->{3047}>
2 2 684 480 <{3069}->{3048}>
2 2 584 455 <{3069}->{3049}>
2 2 362 303 <{3069}->{3051}>
2 2 427 355 <{3069}->{3055}>
2 2 376 290 <{3069}->{3058}>
2 2 485 388 <{3069}->{3062}>
2 2 659 526 <{3069}->{3063}>
2 2 849 683 <{3069}->{3064}>
2 2 606 452 <{3069}->{3067}>
2 2 1350 994 <{3069}->{3069}>
2 2 406 334 <{3069}->{3074}>
2 2 580 478 <{3069}->{3075}>
2 2 364 293 <{3069}->{3076}>
2 2 1035 777 <{3069}->{3082}>
2 2 526 423 <{3074}->{3005}>
2 2 269 227 <{3074}->{3006}>
2 2 393 307 <{3074}->{3014}>
2 2 270 213 <{3074}->{3019}>
2 2 324 249 <{3074}->{3022}>
2 2 289 230 <{3074}->{3030}>
2 2 481 389 <{3074}->{3031}>
2 2 430 324 <{3074}->{3032}>
2 2 338 246 <{3074}->{3034}>
2 2 343 288 <{3074}->{3035}>
2 2 355 280 <{3074}->{3038}>
2 2 422 330 <{3074}->{3042}>
2 2 279 213 <{3074}->{3047}>
2 2 254 219 <{3074}->{3055}>
2 2 415 323 <{3074}->{3063}>
2 2 412 321 <{3074}->{3064}>
2 2 408 304 <{3074}->{3067}>
2 2 483 368 <{3074}->{3069}>
2 2 463 381 <{3074}->{3074}>
2 2 287 237 <{3074}->{3075}>
2 2 273 234 <{3074}->{3076}>
2 2 338 255 <{3074}->{3082}>
2 2 516 406 <{3075}->{3005}>
2 2 371 297 <{3075}->{3014}>
2 2 450 320 <{3075}->{3022}>
2 2 268 211 <{3075}->{3030}>
2 2 461 362 <{3075}->{3031}>
2 2 271 225 <{3075}->{3035}>
2 2 325 262 <{3075}->{3038}>
2 2 383 303 <{3075}->{3042}>
2 2 325 254 <{3075}->{3063}>
2 2 399 312 <{3075}->{3064}>
2 2 325 261 <{3075}->{3067}>
2 2 540 399 <{3075}->{3069}>
2 2 469 381 <{3075}->{3075}>
2 2 374 275 <{3075}->{3082}>
2 2 475 357 <{3076}->{3005}>
2 2 261 215 <{3076}->{3006}>
2 2 329 256 <{3076}->{3014}>
2 2 335 255 <{3076}->{3022}>
2 2 393 304 <{3076}->{3031}>
2 2 270 215 <{3076}->{3038}>
2 2 357 274 <{3076}->{3042}>
2 2 271 229 <{3076}->{3063}>
2 2 342 277 <{3076}->{3064}>
2 2 294 219 <{3076}->{3067}>
2 2 374 291 <{3076}->{3069}>
2 2 432 325 <{3076}->{3076}>
2 2 316 221 <{3076}->{3082}>
2 2 833 655 <{3082}->{3005}>
2 2 384 315 <{3082}->{3006}>
2 2 586 458 <{3082}->{3014}>
2 2 630 473 <{3082}->{3022}>
2 2 334 249 <{3082}->{3023}>
2 2 254 217 <{3082}->{3027}>
2 2 466 384 <{3082}->{3030}>
2 2 777 606 <{3082}->{3031}>
2 2 286 241 <{3082}->{3032}>
2 2 281 232 <{3082}->{3034}>
2 2 387 312 <{3082}->{3035}>
2 2 288 251 <{3082}->{3037}>
2 2 442 356 <{3082}->{3038}>
2 2 611 493 <{3082}->{3042}>
2 2 469 335 <{3082}->{3048}>
2 2 287 223 <{3082}->{3049}>
2 2 267 229 <{3082}->{3051}>
2 2 287 239 <{3082}->{3055}>
2 2 382 297 <{3082}->{3058}>
2 2 281 227 <{3082}->{3062}>
2 2 503 417 <{3082}->{3063}>
2 2 523 416 <{3082}->{3064}>
2 2 448 353 <{3082}->{3067}>
2 2 750 579 <{3082}->{3069}>
2 2 294 242 <{3082}->{3075}>
2 2 1277 922 <{3082}->{3082}>
3 3 358 275 <{3005}->{3005}->{3005}>
3 3 369 270 <{3005}->{3005}->{3031}>
3 3 335 268 <{3005}->{3031}->{3005}>
3 3 312 224 <{3005}->{3031}->{3031}>
3 3 281 213 <{3005}->{3034}->{3005}>
3 3 356 273 <{3014}->{3014}->{3014}>
3 3 396 312 <{3014}->{3030}->{3014}>
3 3 278 222 <{3014}->{3030}->{3030}>
3 3 346 243 <{3022}->{3022}->{3022}>
3 3 355 265 <{3030}->{3014}->{3014}>
3 3 330 241 <{3030}->{3014}->{3030}>
3 3 384 288 <{3030}->{3030}->{3014}>
3 3 291 222 <{3030}->{3030}->{3030}>
3 3 297 232 <{3031}->{3005}->{3005}>
3 3 290 223 <{3031}->{3005}->{3031}>
3 3 305 247 <{3031}->{3031}->{3005}>
3 3 294 224 <{3031}->{3031}->{3031}>
3 3 356 259 <{3069}->{3069}->{3069}>
3 3 355 266 <{3082}->{3082}->{3082}>
