1 1 968 960 <{3000}>
1 1 6482 4927 <{3005}>
1 1 3066 2494 <{3006}>
1 1 2858 2439 <{3007}>
1 1 2532 2084 <{3008}>
1 1 488 349 <{3010}>
1 1 1616 1239 <{3011}>
1 1 6215 4751 <{3014}>
1 1 2185 1684 <{3016}>
1 1 1494 1274 <{3018}>
1 1 2337 1858 <{3019}>
1 1 637 463 <{3020}>
1 1 1547 1131 <{3021}>
1 1 4551 3335 <{3022}>
1 1 2603 2005 <{3023}>
1 1 1670 1334 <{3024}>
1 1 769 629 <{3025}>
1 1 1609 1312 <{3026}>
1 1 2630 2204 <{3027}>
1 1 1193 1050 <{3028}>
1 1 1968 1726 <{3029}>
1 1 5401 4219 <{3030}>
1 1 5708 4423 <{3031}>
1 1 2965 2357 <{3032}>
1 1 831 751 <{3033}>
1 1 3285 2483 <{3034}>
1 1 3852 3110 <{3035}>
1 1 1501 1234 <{3036}>
1 1 1537 1327 <{3037}>
1 1 3671 2893 <{3038}>
1 1 1083 847 <{3040}>
1 1 5661 4515 <{3042}>
1 1 337 296 <{3045}>
1 1 1429 1184 <{3046}>
1 1 2391 1872 <{3047}>
1 1 3441 2482 <{3048}>
1 1 3200 2474 <{3049}>
1 1 2279 1934 <{3051}>
1 1 2293 1842 <{3052}>
1 1 995 845 <{3054}>
1 1 3340 2729 <{3055}>
1 1 1629 1162 <{3056}>
1 1 452 370 <{3057}>
1 1 2091 1628 <{3058}>
1 1 799 542 <{3059}>
1 1 441 351 <{3060}>
1 1 2564 2068 <{3062}>
1 1 3905 3108 <{3063}>
1 1 5196 4053 <{3064}>
1 1 1153 977 <{3065}>
1 1 1502 1203 <{3066}>
1 1 4034 3021 <{3067}>
1 1 3278 2971 <{3068}>
1 1 5569 4219 <{3069}>
1 1 2605 2142 <{3074}>
1 1 2459 1990 <{3075}>
1 1 2109 1677 <{3076}>
1 1 899 762 <{3077}>
1 1 1002 765 <{3078}>
1 1 813 648 <{3079}>
1 1 217 187 <{3080}>
1 1 694 608 <{3081}>
1 1 4892 3615 <{3082}>
1 1 192 121 <{4108}>
2 2 162 162 <{3005}->{3000}>
2 2 1555 1197 <{3005}->{3005}>
2 2 486 416 <{3005}->{3006}>
2 2 361 313 <{3005}->{3007}>
2 2 495 415 <{3005}->{3008}>
2 2 327 261 <{3005}->{3011}>
2 2 737 575 <{3005}->{3014}>
2 2 225 174 <{3005}->{3016}>
2 2 242 207 <{3005}->{3018}>
2 2 368 289 <{3005}->{3019}>
2 2 233 168 <{3005}->{3021}>
2 2 711 510 <{3005}->{3022}>
2 2 378 293 <{3005}->{3023}>
2 2 262 213 <{3005}->{3026}>
2 2 262 223 <{3005}->{3027}>
2 2 249 217 <{3005}->{3029}>
2 2 649 512 <{3005}->{3030}>
2 2 1280 968 <{3005}->{3031}>
2 2 523 408 <{3005}->{3032}>
2 2 133 122 <{3005}->{3033}>
2 2 878 664 <{3005}->{3034}>
2 2 605 493 <{3005}->{3035}>
2 2 215 179 <{3005}->{3036}>
2 2 250 217 <{3005}->{3037}>
2 2 556 437 <{3005}->{3038}>
2 2 159 124 <{3005}->{3040}>
2 2 785 622 <{3005}->{3042}>
2 2 174 156 <{3005}->{3046}>
2 2 369 276 <{3005}->{3047}>
2 2 544 407 <{3005}->{3048}>
2 2 526 402 <{3005}->{3049}>
2 2 369 318 <{3005}->{3051}>
2 2 341 270 <{3005}->{3052}>
2 2 141 124 <{3005}->{3054}>
2 2 536 445 <{3005}->{3055}>
2 2 252 173 <{3005}->{3056}>
2 2 317 253 <{3005}->{3058}>
2 2 172 107 <{3005}->{3059}>
2 2 540 436 <{3005}->{3062}>
2 2 630 520 <{3005}->{3063}>
2 2 852 669 <{3005}->{3064}>
2 2 149 124 <{3005}->{3065}>
2 2 183 158 <{3005}->{3066}>
2 2 663 507 <{3005}->{3067}>
2 2 124 113 <{3005}->{3068}>
2 2 913 698 <{3005}->{3069}>
2 2 418 345 <{3005}->{3074}>
2 2 466 388 <{3005}->{3075}>
2 2 406 334 <{3005}->{3076}>
2 2 164 142 <{3005}->{3077}>
2 2 122 106 <{3005}->{3081}>
2 2 787 574 <{3005}->{3082}>
2 2 654 511 <{3006}->{3005}>
2 2 572 471 <{3006}->{3006}>
2 2 185 164 <{3006}->{3007}>
2 2 260 217 <{3006}->{3008}>
2 2 156 125 <{3006}->{3011}>
2 2 472 379 <{3006}->{3014}>
2 2 152 120 <{3006}->{3016}>
2 2 156 127 <{3006}->{3018}>
2 2 283 216 <{3006}->{3019}>
2 2 228 162 <{3006}->{3021}>
2 2 414 319 <{3006}->{3022}>
2 2 204 159 <{3006}->{3023}>
2 2 175 143 <{3006}->{3027}>
2 2 150 128 <{3006}->{3029}>
2 2 373 286 <{3006}->{3030}>
2 2 665 509 <{3006}->{3031}>
2 2 314 254 <{3006}->{3032}>
2 2 340 253 <{3006}->{3034}>
2 2 388 317 <{3006}->{3035}>
2 2 188 150 <{3006}->{3036}>
2 2 161 139 <{3006}->{3037}>
2 2 446 347 <{3006}->{3038}>
2 2 510 406 <{3006}->{3042}>
2 2 122 112 <{3006}->{3046}>
2 2 213 179 <{3006}->{3047}>
2 2 335 238 <{3006}->{3048}>
2 2 251 193 <{3006}->{3049}>
2 2 203 177 <{3006}->{3051}>
2 2 169 136 <{3006}->{3052}>
2 2 268 227 <{3006}->{3055}>
2 2 156 114 <{3006}->{3056}>
2 2 201 159 <{3006}->{3058}>
2 2 224 186 <{3006}->{3062}>
2 2 472 372 <{3006}->{3063}>
2 2 431 347 <{3006}->{3064}>
2 2 455 328 <{3006}->{3067}>
2 2 552 414 <{3006}->{3069}>
2 2 254 226 <{3006}->{3074}>
2 2 266 227 <{3006}->{3075}>
2 2 264 203 <{3006}->{3076}>
2 2 567 401 <{3006}->{3082}>
2 2 106 106 <{3007}->{3000}>
2 2 690 533 <{3007}->{3005}>
2 2 336 265 <{3007}->{3006}>
2 2 419 358 <{3007}->{3007}>
2 2 286 241 <{3007}->{3008}>
2 2 187 140 <{3007}->{3011}>
2 2 462 370 <{3007}->{3014}>
2 2 155 122 <{3007}->{3016}>
2 2 247 219 <{3007}->{3018}>
2 2 251 203 <{3007}->{3019}>
2 2 457 347 <{3007}->{3022}>
2 2 266 197 <{3007}->{3023}>
2 2 138 117 <{3007}->{3026}>
2 2 205 172 <{3007}->{3027}>
2 2 164 143 <{3007}->{3029}>
2 2 363 296 <{3007}->{3030}>
2 2 700 527 <{3007}->{3031}>
2 2 350 285 <{3007}->{3032}>
2 2 446 338 <{3007}->{3034}>
2 2 455 367 <{3007}->{3035}>
2 2 147 120 <{3007}->{3036}>
2 2 158 132 <{3007}->{3037}>
2 2 347 274 <{3007}->{3038}>
2 2 502 404 <{3007}->{3042}>
2 2 295 225 <{3007}->{3047}>
2 2 380 270 <{3007}->{3048}>
2 2 292 231 <{3007}->{3049}>
2 2 236 206 <{3007}->{3051}>
2 2 229 184 <{3007}->{3052}>
2 2 279 229 <{3007}->{3055}>
2 2 196 149 <{3007}->{3058}>
2 2 240 203 <{3007}->{3062}>
2 2 500 413 <{3007}->{3063}>
2 2 647 525 <{3007}->{3064}>
2 2 473 362 <{3007}->{3067}>
2 2 696 516 <{3007}->{3069}>
2 2 317 262 <{3007}->{3074}>
2 2 344 280 <{3007}->{3075}>
2 2 224 176 <{3007}->{3076}>
2 2 534 386 <{3007}->{3082}>
2 2 576 442 <{3008}->{3005}>
2 2 231 195 <{3008}->{3006}>
2 2 196 174 <{3008}->{3007}>
2 2 448 375 <{3008}->{3008}>
2 2 276 211 <{3008}->{3011}>
2 2 348 268 <{3008}->{3014}>
2 2 168 137 <{3008}->{3019}>
2 2 305 224 <{3008}->{3022}>
2 2 164 137 <{3008}->{3023}>
2 2 125 107 <{3008}->{3027}>
2 2 272 207 <{3008}->{3030}>
2 2 550 428 <{3008}->{3031}>
2 2 311 255 <{3008}->{3032}>
2 2 265 203 <{3008}->{3034}>
2 2 329 267 <{3008}->{3035}>
2 2 263 206 <{3008}->{3038}>
2 2 365 297 <{3008}->{3042}>
2 2 185 139 <{3008}->{3047}>
2 2 200 141 <{3008}->{3048}>
2 2 283 217 <{3008}->{3049}>
2 2 178 158 <{3008}->{3051}>
2 2 204 166 <{3008}->{3052}>
2 2 208 167 <{3008}->{3055}>
2 2 147 108 <{3008}->{3058}>
2 2 161 122 <{3008}->{3062}>
2 2 385 298 <{3008}->{3063}>
2 2 432 339 <{3008}->{3064}>
2 2 353 256 <{3008}->{3067}>
2 2 478 347 <{3008}->{3069}>
2 2 191 165 <{3008}->{3074}>
2 2 245 198 <{3008}->{3075}>
2 2 220 175 <{3008}->{3076}>
2 2 362 278 <{3008}->{3082}>
2 2 143 111 <{3010}->{3014}>
2 2 324 237 <{3011}->{3005}>
2 2 144 117 <{3011}->{3006}>
2 2 210 169 <{3011}->{3008}>
2 2 377 256 <{3011}->{3011}>
2 2 174 142 <{3011}->{3014}>
2 2 142 114 <{3011}->{3019}>
2 2 230 183 <{3011}->{3031}>
2 2 238 195 <{3011}->{3035}>
2 2 185 151 <{3011}->{3042}>
2 2 205 165 <{3011}->{3063}>
2 2 213 170 <{3011}->{3064}>
2 2 145 111 <{3011}->{3067}>
2 2 209 155 <{3011}->{3069}>
2 2 164 113 <{3011}->{3082}>
2 2 127 126 <{3014}->{3000}>
2 2 883 667 <{3014}->{3005}>
2 2 433 359 <{3014}->{3006}>
2 2 343 294 <{3014}->{3007}>
2 2 289 241 <{3014}->{3008}>
2 2 190 152 <{3014}->{3011}>
2 2 1464 1108 <{3014}->{3014}>
2 2 676 518 <{3014}->{3016}>
2 2 181 157 <{3014}->{3018}>
2 2 407 329 <{3014}->{3019}>
2 2 298 219 <{3014}->{3021}>
2 2 851 632 <{3014}->{3022}>
2 2 434 339 <{3014}->{3023}>
2 2 188 157 <{3014}->{3026}>
2 2 458 375 <{3014}->{3027}>
2 2 265 228 <{3014}->{3029}>
2 2 1218 940 <{3014}->{3030}>
2 2 981 755 <{3014}->{3031}>
2 2 399 309 <{3014}->{3032}>
2 2 159 143 <{3014}->{3033}>
2 2 367 284 <{3014}->{3034}>
2 2 497 411 <{3014}->{3035}>
2 2 247 213 <{3014}->{3036}>
2 2 285 246 <{3014}->{3037}>
2 2 503 392 <{3014}->{3038}>
2 2 856 674 <{3014}->{3042}>
2 2 183 151 <{3014}->{3046}>
2 2 280 221 <{3014}->{3047}>
2 2 587 422 <{3014}->{3048}>
2 2 310 241 <{3014}->{3049}>
2 2 331 284 <{3014}->{3051}>
2 2 186 147 <{3014}->{3052}>
2 2 146 124 <{3014}->{3054}>
2 2 346 280 <{3014}->{3055}>
2 2 151 111 <{3014}->{3056}>
2 2 357 287 <{3014}->{3058}>
2 2 406 331 <{3014}->{3062}>
2 2 547 439 <{3014}->{3063}>
2 2 637 507 <{3014}->{3064}>
2 2 217 179 <{3014}->{3065}>
2 2 275 230 <{3014}->{3066}>
2 2 529 404 <{3014}->{3067}>
2 2 153 144 <{3014}->{3068}>
2 2 899 683 <{3014}->{3069}>
2 2 297 241 <{3014}->{3074}>
2 2 329 275 <{3014}->{3075}>
2 2 347 283 <{3014}->{3076}>
2 2 161 123 <{3014}->{3078}>
2 2 205 167 <{3014}->{3079}>
2 2 752 554 <{3014}->{3082}>
2 2 362 278 <{3016}->{3005}>
2 2 160 132 <{3016}->{3006}>
2 2 131 108 <{3016}->{3007}>
2 2 654 491 <{3016}->{3014}>
2 2 501 372 <{3016}->{3016}>
2 2 163 128 <{3016}->{3019}>
2 2 152 113 <{3016}->{3021}>
2 2 267 197 <{3016}->{3022}>
2 2 348 258 <{3016}->{3023}>
2 2 136 114 <{3016}->{3029}>
2 2 407 310 <{3016}->{3030}>
2 2 476 364 <{3016}->{3031}>
2 2 178 137 <{3016}->{3032}>
2 2 160 127 <{3016}->{3034}>
2 2 180 147 <{3016}->{3035}>
2 2 203 161 <{3016}->{3038}>
2 2 446 348 <{3016}->{3042}>
2 2 177 134 <{3016}->{3048}>
2 2 192 147 <{3016}->{3049}>
2 2 167 132 <{3016}->{3055}>
2 2 159 118 <{3016}->{3062}>
2 2 211 171 <{3016}->{3063}>
2 2 245 199 <{3016}->{3064}>
2 2 184 146 <{3016}->{3067}>
2 2 360 278 <{3016}->{3069}>
2 2 191 154 <{3016}->{3079}>
2 2 300 212 <{3016}->{3082}>
2 2 298 231 <{3018}->{3005}>
2 2 141 114 <{3018}->{3006}>
2 2 127 106 <{3018}->{3008}>
2 2 171 141 <{3018}->{3014}>
2 2 220 183 <{3018}->{3018}>
2 2 203 138 <{3018}->{3022}>
2 2 273 203 <{3018}->{3031}>
2 2 148 118 <{3018}->{3032}>
2 2 184 137 <{3018}->{3034}>
2 2 167 143 <{3018}->{3035}>
2 2 165 127 <{3018}->{3038}>
2 2 210 176 <{3018}->{3042}>
2 2 131 110 <{3018}->{3047}>
2 2 267 203 <{3018}->{3063}>
2 2 273 218 <{3018}->{3064}>
2 2 158 124 <{3018}->{3067}>
2 2 280 214 <{3018}->{3069}>
2 2 141 117 <{3018}->{3074}>
2 2 153 122 <{3018}->{3076}>
2 2 190 133 <{3018}->{3082}>
2 2 383 303 <{3019}->{3005}>
2 2 260 217 <{3019}->{3006}>
2 2 154 129 <{3019}->{3008}>
2 2 366 286 <{3019}->{3014}>
2 2 479 382 <{3019}->{3019}>
2 2 197 151 <{3019}->{3022}>
2 2 354 285 <{3019}->{3030}>
2 2 337 264 <{3019}->{3031}>
2 2 232 183 <{3019}->{3032}>
2 2 254 200 <{3019}->{3034}>
2 2 244 203 <{3019}->{3035}>
2 2 227 179 <{3019}->{3038}>
2 2 352 282 <{3019}->{3042}>
2 2 346 277 <{3019}->{3047}>
2 2 183 130 <{3019}->{3048}>
2 2 135 106 <{3019}->{3049}>
2 2 142 121 <{3019}->{3051}>
2 2 135 112 <{3019}->{3055}>
2 2 230 170 <{3019}->{3056}>
2 2 295 233 <{3019}->{3063}>
2 2 305 248 <{3019}->{3064}>
2 2 212 156 <{3019}->{3067}>
2 2 342 249 <{3019}->{3069}>
2 2 215 181 <{3019}->{3074}>
2 2 182 151 <{3019}->{3075}>
2 2 156 123 <{3019}->{3076}>
2 2 243 185 <{3019}->{3082}>
2 2 174 113 <{3020}->{3020}>
2 2 168 124 <{3020}->{3067}>
2 2 247 183 <{3021}->{3005}>
2 2 160 127 <{3021}->{3006}>
2 2 278 225 <{3021}->{3014}>
2 2 416 308 <{3021}->{3021}>
2 2 270 206 <{3021}->{3022}>
2 2 227 175 <{3021}->{3030}>
2 2 254 190 <{3021}->{3031}>
2 2 164 112 <{3021}->{3034}>
2 2 145 122 <{3021}->{3035}>
2 2 149 119 <{3021}->{3038}>
2 2 237 178 <{3021}->{3042}>
2 2 186 130 <{3021}->{3048}>
2 2 171 128 <{3021}->{3058}>
2 2 164 129 <{3021}->{3063}>
2 2 207 158 <{3021}->{3064}>
2 2 158 115 <{3021}->{3067}>
2 2 240 188 <{3021}->{3069}>
2 2 137 113 <{3021}->{3074}>
2 2 124 124 <{3022}->{3000}>
2 2 780 613 <{3022}->{3005}>
2 2 322 266 <{3022}->{3006}>
2 2 276 246 <{3022}->{3007}>
2 2 243 209 <{3022}->{3008}>
2 2 139 108 <{3022}->{3011}>
2 2 679 524 <{3022}->{3014}>
2 2 249 181 <{3022}->{3016}>
2 2 133 122 <{3022}->{3018}>
2 2 218 181 <{3022}->{3019}>
2 2 255 194 <{3022}->{3021}>
2 2 1216 870 <{3022}->{3022}>
2 2 281 212 <{3022}->{3023}>
2 2 189 157 <{3022}->{3026}>
2 2 305 252 <{3022}->{3027}>
2 2 232 202 <{3022}->{3029}>
2 2 472 358 <{3022}->{3030}>
2 2 813 647 <{3022}->{3031}>
2 2 326 244 <{3022}->{3032}>
2 2 303 240 <{3022}->{3034}>
2 2 378 317 <{3022}->{3035}>
2 2 301 253 <{3022}->{3036}>
2 2 316 262 <{3022}->{3037}>
2 2 513 412 <{3022}->{3038}>
2 2 665 529 <{3022}->{3042}>
2 2 151 131 <{3022}->{3046}>
2 2 184 148 <{3022}->{3047}>
2 2 557 424 <{3022}->{3048}>
2 2 291 228 <{3022}->{3049}>
2 2 245 209 <{3022}->{3051}>
2 2 135 110 <{3022}->{3052}>
2 2 164 140 <{3022}->{3054}>
2 2 320 263 <{3022}->{3055}>
2 2 542 428 <{3022}->{3058}>
2 2 338 283 <{3022}->{3062}>
2 2 492 386 <{3022}->{3063}>
2 2 516 412 <{3022}->{3064}>
2 2 124 109 <{3022}->{3065}>
2 2 129 111 <{3022}->{3066}>
2 2 544 412 <{3022}->{3067}>
2 2 694 529 <{3022}->{3069}>
2 2 238 198 <{3022}->{3074}>
2 2 365 296 <{3022}->{3075}>
2 2 230 192 <{3022}->{3076}>
2 2 807 587 <{3022}->{3082}>
2 2 377 285 <{3023}->{3005}>
2 2 193 158 <{3023}->{3006}>
2 2 141 125 <{3023}->{3007}>
2 2 150 127 <{3023}->{3008}>
2 2 471 375 <{3023}->{3014}>
2 2 253 191 <{3023}->{3016}>
2 2 265 186 <{3023}->{3022}>
2 2 598 427 <{3023}->{3023}>
2 2 135 119 <{3023}->{3027}>
2 2 345 273 <{3023}->{3030}>
2 2 413 320 <{3023}->{3031}>
2 2 180 130 <{3023}->{3032}>
2 2 180 140 <{3023}->{3034}>
2 2 198 163 <{3023}->{3035}>
2 2 238 183 <{3023}->{3038}>
2 2 420 333 <{3023}->{3042}>
2 2 221 154 <{3023}->{3048}>
2 2 175 140 <{3023}->{3049}>
2 2 127 109 <{3023}->{3051}>
2 2 145 112 <{3023}->{3055}>
2 2 153 125 <{3023}->{3058}>
2 2 163 135 <{3023}->{3062}>
2 2 216 166 <{3023}->{3063}>
2 2 301 230 <{3023}->{3064}>
2 2 184 150 <{3023}->{3067}>
2 2 368 280 <{3023}->{3069}>
2 2 135 113 <{3023}->{3074}>
2 2 132 114 <{3023}->{3075}>
2 2 143 115 <{3023}->{3076}>
2 2 202 143 <{3023}->{3078}>
2 2 374 273 <{3023}->{3082}>
2 2 320 253 <{3024}->{3005}>
2 2 145 118 <{3024}->{3006}>
2 2 158 144 <{3024}->{3007}>
2 2 362 278 <{3024}->{3014}>
2 2 171 136 <{3024}->{3016}>
2 2 163 122 <{3024}->{3019}>
2 2 205 153 <{3024}->{3022}>
2 2 190 147 <{3024}->{3023}>
2 2 336 249 <{3024}->{3024}>
2 2 291 225 <{3024}->{3030}>
2 2 308 236 <{3024}->{3031}>
2 2 145 124 <{3024}->{3032}>
2 2 168 125 <{3024}->{3034}>
2 2 229 181 <{3024}->{3035}>
2 2 174 141 <{3024}->{3038}>
2 2 535 420 <{3024}->{3042}>
2 2 198 153 <{3024}->{3048}>
2 2 160 121 <{3024}->{3049}>
2 2 126 113 <{3024}->{3051}>
2 2 147 121 <{3024}->{3055}>
2 2 164 134 <{3024}->{3062}>
2 2 249 206 <{3024}->{3063}>
2 2 319 248 <{3024}->{3064}>
2 2 180 136 <{3024}->{3067}>
2 2 308 242 <{3024}->{3069}>
2 2 131 114 <{3024}->{3074}>
2 2 228 166 <{3024}->{3082}>
2 2 162 124 <{3025}->{3005}>
2 2 215 134 <{3025}->{3056}>
2 2 502 383 <{3026}->{3005}>
2 2 151 125 <{3026}->{3006}>
2 2 173 149 <{3026}->{3007}>
2 2 154 125 <{3026}->{3008}>
2 2 322 259 <{3026}->{3014}>
2 2 334 249 <{3026}->{3022}>
2 2 297 239 <{3026}->{3026}>
2 2 296 240 <{3026}->{3030}>
2 2 320 246 <{3026}->{3031}>
2 2 171 131 <{3026}->{3032}>
2 2 177 140 <{3026}->{3034}>
2 2 230 198 <{3026}->{3035}>
2 2 172 134 <{3026}->{3038}>
2 2 295 219 <{3026}->{3042}>
2 2 160 114 <{3026}->{3048}>
2 2 196 156 <{3026}->{3049}>
2 2 217 177 <{3026}->{3051}>
2 2 240 188 <{3026}->{3063}>
2 2 238 191 <{3026}->{3064}>
2 2 193 147 <{3026}->{3067}>
2 2 340 260 <{3026}->{3069}>
2 2 146 114 <{3026}->{3075}>
2 2 262 203 <{3026}->{3082}>
2 2 624 493 <{3027}->{3005}>
2 2 255 199 <{3027}->{3006}>
2 2 185 167 <{3027}->{3007}>
2 2 184 156 <{3027}->{3008}>
2 2 709 561 <{3027}->{3014}>
2 2 172 135 <{3027}->{3016}>
2 2 129 109 <{3027}->{3018}>
2 2 227 185 <{3027}->{3019}>
2 2 465 348 <{3027}->{3022}>
2 2 248 186 <{3027}->{3023}>
2 2 426 352 <{3027}->{3027}>
2 2 152 133 <{3027}->{3029}>
2 2 393 319 <{3027}->{3030}>
2 2 587 457 <{3027}->{3031}>
2 2 257 208 <{3027}->{3032}>
2 2 292 212 <{3027}->{3034}>
2 2 329 267 <{3027}->{3035}>
2 2 159 132 <{3027}->{3037}>
2 2 294 233 <{3027}->{3038}>
2 2 679 537 <{3027}->{3042}>
2 2 183 148 <{3027}->{3047}>
2 2 260 198 <{3027}->{3048}>
2 2 233 174 <{3027}->{3049}>
2 2 198 176 <{3027}->{3051}>
2 2 209 173 <{3027}->{3055}>
2 2 197 164 <{3027}->{3058}>
2 2 230 192 <{3027}->{3062}>
2 2 326 266 <{3027}->{3063}>
2 2 422 333 <{3027}->{3064}>
2 2 394 298 <{3027}->{3067}>
2 2 478 356 <{3027}->{3069}>
2 2 217 180 <{3027}->{3074}>
2 2 200 165 <{3027}->{3075}>
2 2 177 144 <{3027}->{3076}>
2 2 465 345 <{3027}->{3082}>
2 2 289 220 <{3028}->{3005}>
2 2 282 215 <{3028}->{3014}>
2 2 176 137 <{3028}->{3022}>
2 2 132 112 <{3028}->{3023}>
2 2 143 116 <{3028}->{3028}>
2 2 231 176 <{3028}->{3030}>
2 2 327 255 <{3028}->{3031}>
2 2 171 135 <{3028}->{3035}>
2 2 155 118 <{3028}->{3038}>
2 2 254 190 <{3028}->{3042}>
2 2 138 112 <{3028}->{3056}>
2 2 134 110 <{3028}->{3063}>
2 2 205 174 <{3028}->{3064}>
2 2 151 118 <{3028}->{3067}>
2 2 290 214 <{3028}->{3069}>
2 2 273 204 <{3028}->{3082}>
2 2 454 354 <{3029}->{3005}>
2 2 198 160 <{3029}->{3006}>
2 2 157 135 <{3029}->{3008}>
2 2 446 364 <{3029}->{3014}>
2 2 137 108 <{3029}->{3016}>
2 2 146 118 <{3029}->{3019}>
2 2 440 324 <{3029}->{3022}>
2 2 206 165 <{3029}->{3023}>
2 2 137 119 <{3029}->{3027}>
2 2 242 215 <{3029}->{3029}>
2 2 428 336 <{3029}->{3030}>
2 2 448 357 <{3029}->{3031}>
2 2 192 146 <{3029}->{3032}>
2 2 203 157 <{3029}->{3034}>
2 2 229 175 <{3029}->{3035}>
2 2 217 176 <{3029}->{3038}>
2 2 513 411 <{3029}->{3042}>
2 2 129 106 <{3029}->{3047}>
2 2 313 227 <{3029}->{3048}>
2 2 251 199 <{3029}->{3049}>
2 2 160 137 <{3029}->{3055}>
2 2 175 142 <{3029}->{3058}>
2 2 185 152 <{3029}->{3062}>
2 2 243 208 <{3029}->{3063}>
2 2 302 243 <{3029}->{3064}>
2 2 255 190 <{3029}->{3067}>
2 2 393 294 <{3029}->{3069}>
2 2 145 122 <{3029}->{3074}>
2 2 151 128 <{3029}->{3075}>
2 2 420 306 <{3029}->{3082}>
2 2 133 132 <{3030}->{3000}>
2 2 1022 798 <{3030}->{3005}>
2 2 433 355 <{3030}->{3006}>
2 2 315 263 <{3030}->{3007}>
2 2 302 260 <{3030}->{3008}>
2 2 215 165 <{3030}->{3011}>
2 2 1651 1296 <{3030}->{3014}>
2 2 484 356 <{3030}->{3016}>
2 2 195 169 <{3030}->{3018}>
2 2 476 384 <{3030}->{3019}>
2 2 285 223 <{3030}->{3021}>
2 2 757 558 <{3030}->{3022}>
2 2 581 442 <{3030}->{3023}>
2 2 196 159 <{3030}->{3026}>
2 2 337 285 <{3030}->{3027}>
2 2 249 217 <{3030}->{3029}>
2 2 1182 891 <{3030}->{3030}>
2 2 951 730 <{3030}->{3031}>
2 2 489 397 <{3030}->{3032}>
2 2 118 107 <{3030}->{3033}>
2 2 429 344 <{3030}->{3034}>
2 2 506 403 <{3030}->{3035}>
2 2 274 232 <{3030}->{3036}>
2 2 238 207 <{3030}->{3037}>
2 2 500 401 <{3030}->{3038}>
2 2 1183 960 <{3030}->{3042}>
2 2 187 155 <{3030}->{3046}>
2 2 295 229 <{3030}->{3047}>
2 2 556 406 <{3030}->{3048}>
2 2 428 337 <{3030}->{3049}>
2 2 319 277 <{3030}->{3051}>
2 2 197 156 <{3030}->{3052}>
2 2 152 129 <{3030}->{3054}>
2 2 416 340 <{3030}->{3055}>
2 2 196 142 <{3030}->{3056}>
2 2 327 260 <{3030}->{3058}>
2 2 336 274 <{3030}->{3062}>
2 2 640 516 <{3030}->{3063}>
2 2 716 569 <{3030}->{3064}>
2 2 224 177 <{3030}->{3065}>
2 2 201 159 <{3030}->{3066}>
2 2 557 424 <{3030}->{3067}>
2 2 148 139 <{3030}->{3068}>
2 2 863 650 <{3030}->{3069}>
2 2 340 275 <{3030}->{3074}>
2 2 370 308 <{3030}->{3075}>
2 2 306 239 <{3030}->{3076}>
2 2 197 145 <{3030}->{3078}>
2 2 161 138 <{3030}->{3079}>
2 2 890 645 <{3030}->{3082}>
2 2 145 145 <{3031}->{3000}>
2 2 1394 1097 <{3031}->{3005}>
2 2 443 372 <{3031}->{3006}>
2 2 287 251 <{3031}->{3007}>
2 2 455 380 <{3031}->{3008}>
2 2 272 213 <{3031}->{3011}>
2 2 750 593 <{3031}->{3014}>
2 2 289 230 <{3031}->{3016}>
2 2 260 222 <{3031}->{3018}>
2 2 353 285 <{3031}->{3019}>
2 2 254 182 <{3031}->{3021}>
2 2 803 581 <{3031}->{3022}>
2 2 335 264 <{3031}->{3023}>
2 2 179 144 <{3031}->{3026}>
2 2 257 216 <{3031}->{3027}>
2 2 214 186 <{3031}->{3029}>
2 2 601 476 <{3031}->{3030}>
2 2 1285 991 <{3031}->{3031}>
2 2 659 501 <{3031}->{3032}>
2 2 119 109 <{3031}->{3033}>
2 2 567 428 <{3031}->{3034}>
2 2 685 555 <{3031}->{3035}>
2 2 254 208 <{3031}->{3036}>
2 2 227 198 <{3031}->{3037}>
2 2 567 431 <{3031}->{3038}>
2 2 731 573 <{3031}->{3042}>
2 2 199 169 <{3031}->{3046}>
2 2 347 274 <{3031}->{3047}>
2 2 478 354 <{3031}->{3048}>
2 2 375 287 <{3031}->{3049}>
2 2 342 288 <{3031}->{3051}>
2 2 271 226 <{3031}->{3052}>
2 2 135 117 <{3031}->{3054}>
2 2 426 359 <{3031}->{3055}>
2 2 196 144 <{3031}->{3056}>
2 2 358 283 <{3031}->{3058}>
2 2 352 283 <{3031}->{3062}>
2 2 541 437 <{3031}->{3063}>
2 2 912 713 <{3031}->{3064}>
2 2 152 130 <{3031}->{3065}>
2 2 152 130 <{3031}->{3066}>
2 2 599 453 <{3031}->{3067}>
2 2 833 628 <{3031}->{3069}>
2 2 442 369 <{3031}->{3074}>
2 2 429 355 <{3031}->{3075}>
2 2 347 273 <{3031}->{3076}>
2 2 151 133 <{3031}->{3077}>
2 2 828 619 <{3031}->{3082}>
2 2 561 438 <{3032}->{3005}>
2 2 266 219 <{3032}->{3006}>
2 2 165 145 <{3032}->{3007}>
2 2 202 167 <{3032}->{3008}>
2 2 137 115 <{3032}->{3011}>
2 2 378 309 <{3032}->{3014}>
2 2 134 106 <{3032}->{3016}>
2 2 129 109 <{3032}->{3018}>
2 2 255 213 <{3032}->{3019}>
2 2 329 252 <{3032}->{3022}>
2 2 195 152 <{3032}->{3023}>
2 2 142 119 <{3032}->{3027}>
2 2 378 297 <{3032}->{3030}>
2 2 591 467 <{3032}->{3031}>
2 2 608 438 <{3032}->{3032}>
2 2 477 365 <{3032}->{3034}>
2 2 333 269 <{3032}->{3035}>
2 2 127 109 <{3032}->{3037}>
2 2 274 221 <{3032}->{3038}>
2 2 456 361 <{3032}->{3042}>
2 2 212 170 <{3032}->{3047}>
2 2 237 170 <{3032}->{3048}>
2 2 270 207 <{3032}->{3049}>
2 2 183 154 <{3032}->{3051}>
2 2 159 121 <{3032}->{3052}>
2 2 226 172 <{3032}->{3055}>
2 2 220 171 <{3032}->{3058}>
2 2 189 163 <{3032}->{3062}>
2 2 317 255 <{3032}->{3063}>
2 2 524 404 <{3032}->{3064}>
2 2 404 307 <{3032}->{3067}>
2 2 434 315 <{3032}->{3069}>
2 2 298 254 <{3032}->{3074}>
2 2 211 184 <{3032}->{3075}>
2 2 187 148 <{3032}->{3076}>
2 2 364 268 <{3032}->{3082}>
2 2 175 144 <{3033}->{3005}>
2 2 168 134 <{3033}->{3014}>
2 2 144 114 <{3033}->{3031}>
2 2 166 134 <{3033}->{3069}>
2 2 917 718 <{3034}->{3005}>
2 2 357 296 <{3034}->{3006}>
2 2 263 237 <{3034}->{3007}>
2 2 240 203 <{3034}->{3008}>
2 2 144 118 <{3034}->{3011}>
2 2 389 310 <{3034}->{3014}>
2 2 139 106 <{3034}->{3016}>
2 2 141 121 <{3034}->{3018}>
2 2 285 232 <{3034}->{3019}>
2 2 165 119 <{3034}->{3021}>
2 2 356 253 <{3034}->{3022}>
2 2 195 160 <{3034}->{3023}>
2 2 148 122 <{3034}->{3027}>
2 2 129 113 <{3034}->{3029}>
2 2 359 286 <{3034}->{3030}>
2 2 606 477 <{3034}->{3031}>
2 2 573 458 <{3034}->{3032}>
2 2 802 577 <{3034}->{3034}>
2 2 550 463 <{3034}->{3035}>
2 2 130 106 <{3034}->{3036}>
2 2 128 115 <{3034}->{3037}>
2 2 339 262 <{3034}->{3038}>
2 2 463 376 <{3034}->{3042}>
2 2 273 210 <{3034}->{3047}>
2 2 349 239 <{3034}->{3048}>
2 2 235 179 <{3034}->{3049}>
2 2 190 160 <{3034}->{3051}>
2 2 184 151 <{3034}->{3052}>
2 2 256 195 <{3034}->{3055}>
2 2 253 178 <{3034}->{3056}>
2 2 172 129 <{3034}->{3058}>
2 2 215 179 <{3034}->{3062}>
2 2 387 304 <{3034}->{3063}>
2 2 660 499 <{3034}->{3064}>
2 2 377 281 <{3034}->{3067}>
2 2 525 398 <{3034}->{3069}>
2 2 315 255 <{3034}->{3074}>
2 2 278 233 <{3034}->{3075}>
2 2 233 194 <{3034}->{3076}>
2 2 430 311 <{3034}->{3082}>
2 2 830 631 <{3035}->{3005}>
2 2 437 367 <{3035}->{3006}>
2 2 260 220 <{3035}->{3007}>
2 2 357 296 <{3035}->{3008}>
2 2 334 260 <{3035}->{3011}>
2 2 609 471 <{3035}->{3014}>
2 2 223 183 <{3035}->{3016}>
2 2 188 156 <{3035}->{3018}>
2 2 323 247 <{3035}->{3019}>
2 2 214 161 <{3035}->{3021}>
2 2 453 332 <{3035}->{3022}>
2 2 267 208 <{3035}->{3023}>
2 2 158 136 <{3035}->{3026}>
2 2 185 159 <{3035}->{3027}>
2 2 155 136 <{3035}->{3029}>
2 2 498 390 <{3035}->{3030}>
2 2 885 641 <{3035}->{3031}>
2 2 419 335 <{3035}->{3032}>
2 2 539 414 <{3035}->{3034}>
2 2 742 595 <{3035}->{3035}>
2 2 175 149 <{3035}->{3036}>
2 2 200 172 <{3035}->{3037}>
2 2 473 369 <{3035}->{3038}>
2 2 561 452 <{3035}->{3042}>
2 2 318 254 <{3035}->{3047}>
2 2 371 273 <{3035}->{3048}>
2 2 477 350 <{3035}->{3049}>
2 2 305 267 <{3035}->{3051}>
2 2 276 231 <{3035}->{3052}>
2 2 399 327 <{3035}->{3055}>
2 2 212 147 <{3035}->{3056}>
2 2 230 181 <{3035}->{3058}>
2 2 234 202 <{3035}->{3062}>
2 2 528 418 <{3035}->{3063}>
2 2 613 481 <{3035}->{3064}>
2 2 203 168 <{3035}->{3066}>
2 2 533 400 <{3035}->{3067}>
2 2 127 118 <{3035}->{3068}>
2 2 611 478 <{3035}->{3069}>
2 2 343 292 <{3035}->{3074}>
2 2 321 270 <{3035}->{3075}>
2 2 299 234 <{3035}->{3076}>
2 2 548 402 <{3035}->{3082}>
2 2 244 183 <{3036}->{3005}>
2 2 218 176 <{3036}->{3014}>
2 2 351 247 <{3036}->{3022}>
2 2 182 138 <{3036}->{3030}>
2 2 238 193 <{3036}->{3031}>
2 2 142 117 <{3036}->{3035}>
2 2 267 211 <{3036}->{3036}>
2 2 152 124 <{3036}->{3038}>
2 2 291 236 <{3036}->{3042}>
2 2 208 156 <{3036}->{3048}>
2 2 180 150 <{3036}->{3058}>
2 2 143 119 <{3036}->{3063}>
2 2 144 119 <{3036}->{3064}>
2 2 156 124 <{3036}->{3067}>
2 2 217 165 <{3036}->{3069}>
2 2 277 207 <{3036}->{3082}>
2 2 237 192 <{3037}->{3005}>
2 2 152 125 <{3037}->{3006}>
2 2 218 177 <{3037}->{3014}>
2 2 315 227 <{3037}->{3022}>
2 2 180 140 <{3037}->{3030}>
2 2 201 155 <{3037}->{3031}>
2 2 133 108 <{3037}->{3035}>
2 2 210 182 <{3037}->{3037}>
2 2 141 117 <{3037}->{3038}>
2 2 241 197 <{3037}->{3042}>
2 2 266 190 <{3037}->{3048}>
2 2 139 112 <{3037}->{3055}>
2 2 154 119 <{3037}->{3063}>
2 2 175 139 <{3037}->{3064}>
2 2 165 111 <{3037}->{3067}>
2 2 242 178 <{3037}->{3069}>
2 2 325 247 <{3037}->{3082}>
2 2 725 568 <{3038}->{3005}>
2 2 382 318 <{3038}->{3006}>
2 2 229 199 <{3038}->{3007}>
2 2 281 231 <{3038}->{3008}>
2 2 149 116 <{3038}->{3011}>
2 2 650 514 <{3038}->{3014}>
2 2 190 151 <{3038}->{3016}>
2 2 136 120 <{3038}->{3018}>
2 2 218 183 <{3038}->{3019}>
2 2 230 175 <{3038}->{3021}>
2 2 591 449 <{3038}->{3022}>
2 2 328 251 <{3038}->{3023}>
2 2 239 208 <{3038}->{3027}>
2 2 169 147 <{3038}->{3029}>
2 2 499 400 <{3038}->{3030}>
2 2 658 507 <{3038}->{3031}>
2 2 335 255 <{3038}->{3032}>
2 2 360 275 <{3038}->{3034}>
2 2 406 328 <{3038}->{3035}>
2 2 231 189 <{3038}->{3036}>
2 2 172 153 <{3038}->{3037}>
2 2 778 609 <{3038}->{3038}>
2 2 722 565 <{3038}->{3042}>
2 2 135 115 <{3038}->{3046}>
2 2 206 161 <{3038}->{3047}>
2 2 386 281 <{3038}->{3048}>
2 2 257 206 <{3038}->{3049}>
2 2 229 194 <{3038}->{3051}>
2 2 139 111 <{3038}->{3052}>
2 2 267 222 <{3038}->{3055}>
2 2 281 226 <{3038}->{3058}>
2 2 287 232 <{3038}->{3062}>
2 2 437 339 <{3038}->{3063}>
2 2 606 489 <{3038}->{3064}>
2 2 216 178 <{3038}->{3065}>
2 2 166 139 <{3038}->{3066}>
2 2 398 297 <{3038}->{3067}>
2 2 616 449 <{3038}->{3069}>
2 2 308 249 <{3038}->{3074}>
2 2 363 298 <{3038}->{3075}>
2 2 261 201 <{3038}->{3076}>
2 2 631 481 <{3038}->{3082}>
2 2 302 230 <{3040}->{3005}>
2 2 136 116 <{3040}->{3008}>
2 2 181 139 <{3040}->{3014}>
2 2 138 106 <{3040}->{3030}>
2 2 205 155 <{3040}->{3031}>
2 2 128 107 <{3040}->{3032}>
2 2 188 158 <{3040}->{3035}>
2 2 236 166 <{3040}->{3040}>
2 2 149 123 <{3040}->{3042}>
2 2 161 119 <{3040}->{3063}>
2 2 161 128 <{3040}->{3064}>
2 2 165 126 <{3040}->{3069}>
2 2 129 129 <{3042}->{3000}>
2 2 780 620 <{3042}->{3005}>
2 2 428 351 <{3042}->{3006}>
2 2 290 258 <{3042}->{3007}>
2 2 252 219 <{3042}->{3008}>
2 2 178 141 <{3042}->{3011}>
2 2 799 624 <{3042}->{3014}>
2 2 447 331 <{3042}->{3016}>
2 2 173 142 <{3042}->{3018}>
2 2 386 314 <{3042}->{3019}>
2 2 199 157 <{3042}->{3021}>
2 2 716 511 <{3042}->{3022}>
2 2 581 429 <{3042}->{3023}>
2 2 488 408 <{3042}->{3027}>
2 2 238 203 <{3042}->{3029}>
2 2 727 553 <{3042}->{3030}>
2 2 857 683 <{3042}->{3031}>
2 2 398 311 <{3042}->{3032}>
2 2 372 284 <{3042}->{3034}>
2 2 458 373 <{3042}->{3035}>
2 2 267 216 <{3042}->{3036}>
2 2 241 211 <{3042}->{3037}>
2 2 418 318 <{3042}->{3038}>
2 2 1146 880 <{3042}->{3042}>
2 2 143 126 <{3042}->{3046}>
2 2 219 173 <{3042}->{3047}>
2 2 516 380 <{3042}->{3048}>
2 2 375 297 <{3042}->{3049}>
2 2 295 251 <{3042}->{3051}>
2 2 182 152 <{3042}->{3052}>
2 2 138 117 <{3042}->{3054}>
2 2 314 257 <{3042}->{3055}>
2 2 137 107 <{3042}->{3056}>
2 2 321 259 <{3042}->{3058}>
2 2 315 261 <{3042}->{3062}>
2 2 623 478 <{3042}->{3063}>
2 2 543 437 <{3042}->{3064}>
2 2 159 129 <{3042}->{3065}>
2 2 179 145 <{3042}->{3066}>
2 2 470 349 <{3042}->{3067}>
2 2 136 124 <{3042}->{3068}>
2 2 729 530 <{3042}->{3069}>
2 2 292 241 <{3042}->{3074}>
2 2 291 237 <{3042}->{3075}>
2 2 268 209 <{3042}->{3076}>
2 2 128 113 <{3042}->{3077}>
2 2 206 159 <{3042}->{3078}>
2 2 158 122 <{3042}->{3079}>
2 2 119 112 <{3042}->{3081}>
2 2 645 494 <{3042}->{3082}>
2 2 276 224 <{3046}->{3005}>
2 2 133 119 <{3046}->{3006}>
2 2 263 211 <{3046}->{3014}>
2 2 263 183 <{3046}->{3022}>
2 2 138 111 <{3046}->{3023}>
2 2 198 163 <{3046}->{3030}>
2 2 335 255 <{3046}->{3031}>
2 2 156 128 <{3046}->{3035}>
2 2 156 134 <{3046}->{3038}>
2 2 250 199 <{3046}->{3042}>
2 2 245 169 <{3046}->{3046}>
2 2 189 141 <{3046}->{3048}>
2 2 236 187 <{3046}->{3049}>
2 2 201 149 <{3046}->{3063}>
2 2 268 206 <{3046}->{3064}>
2 2 201 136 <{3046}->{3067}>
2 2 272 208 <{3046}->{3069}>
2 2 349 276 <{3046}->{3082}>
2 2 518 397 <{3047}->{3005}>
2 2 235 192 <{3047}->{3006}>
2 2 145 127 <{3047}->{3007}>
2 2 285 236 <{3047}->{3008}>
2 2 139 111 <{3047}->{3011}>
2 2 308 255 <{3047}->{3014}>
2 2 511 388 <{3047}->{3019}>
2 2 238 186 <{3047}->{3022}>
2 2 123 109 <{3047}->{3027}>
2 2 260 215 <{3047}->{3030}>
2 2 400 300 <{3047}->{3031}>
2 2 298 234 <{3047}->{3032}>
2 2 347 276 <{3047}->{3034}>
2 2 312 248 <{3047}->{3035}>
2 2 228 182 <{3047}->{3038}>
2 2 293 241 <{3047}->{3042}>
2 2 519 409 <{3047}->{3047}>
2 2 219 152 <{3047}->{3048}>
2 2 181 142 <{3047}->{3049}>
2 2 151 134 <{3047}->{3051}>
2 2 133 106 <{3047}->{3052}>
2 2 165 134 <{3047}->{3055}>
2 2 347 242 <{3047}->{3056}>
2 2 153 120 <{3047}->{3062}>
2 2 284 223 <{3047}->{3063}>
2 2 478 373 <{3047}->{3064}>
2 2 283 203 <{3047}->{3067}>
2 2 357 273 <{3047}->{3069}>
2 2 294 256 <{3047}->{3074}>
2 2 229 183 <{3047}->{3075}>
2 2 235 191 <{3047}->{3076}>
2 2 305 222 <{3047}->{3082}>
2 2 594 451 <{3048}->{3005}>
2 2 244 202 <{3048}->{3006}>
2 2 284 250 <{3048}->{3007}>
2 2 166 145 <{3048}->{3008}>
2 2 599 460 <{3048}->{3014}>
2 2 175 132 <{3048}->{3016}>
2 2 184 152 <{3048}->{3019}>
2 2 160 120 <{3048}->{3021}>
2 2 623 439 <{3048}->{3022}>
2 2 253 199 <{3048}->{3023}>
2 2 221 179 <{3048}->{3027}>
2 2 165 138 <{3048}->{3029}>
2 2 372 291 <{3048}->{3030}>
2 2 539 412 <{3048}->{3031}>
2 2 220 180 <{3048}->{3032}>
2 2 299 230 <{3048}->{3034}>
2 2 254 209 <{3048}->{3035}>
2 2 240 200 <{3048}->{3036}>
2 2 211 180 <{3048}->{3037}>
2 2 310 251 <{3048}->{3038}>
2 2 540 435 <{3048}->{3042}>
2 2 189 145 <{3048}->{3047}>
2 2 959 678 <{3048}->{3048}>
2 2 211 167 <{3048}->{3049}>
2 2 178 145 <{3048}->{3051}>
2 2 134 106 <{3048}->{3052}>
2 2 284 239 <{3048}->{3055}>
2 2 385 297 <{3048}->{3058}>
2 2 283 235 <{3048}->{3062}>
2 2 341 275 <{3048}->{3063}>
2 2 407 322 <{3048}->{3064}>
2 2 317 231 <{3048}->{3067}>
2 2 664 495 <{3048}->{3069}>
2 2 201 165 <{3048}->{3074}>
2 2 216 177 <{3048}->{3075}>
2 2 169 145 <{3048}->{3076}>
2 2 526 403 <{3048}->{3082}>
2 2 942 713 <{3049}->{3005}>
2 2 317 256 <{3049}->{3006}>
2 2 254 223 <{3049}->{3007}>
2 2 289 246 <{3049}->{3008}>
2 2 169 125 <{3049}->{3011}>
2 2 518 418 <{3049}->{3014}>
2 2 180 145 <{3049}->{3016}>
2 2 165 130 <{3049}->{3018}>
2 2 228 179 <{3049}->{3019}>
2 2 149 110 <{3049}->{3021}>
2 2 436 323 <{3049}->{3022}>
2 2 287 228 <{3049}->{3023}>
2 2 153 128 <{3049}->{3026}>
2 2 201 172 <{3049}->{3027}>
2 2 243 215 <{3049}->{3029}>
2 2 490 398 <{3049}->{3030}>
2 2 700 533 <{3049}->{3031}>
2 2 430 337 <{3049}->{3032}>
2 2 378 285 <{3049}->{3034}>
2 2 515 420 <{3049}->{3035}>
2 2 158 134 <{3049}->{3036}>
2 2 148 125 <{3049}->{3037}>
2 2 394 314 <{3049}->{3038}>
2 2 625 489 <{3049}->{3042}>
2 2 201 170 <{3049}->{3046}>
2 2 181 140 <{3049}->{3047}>
2 2 400 289 <{3049}->{3048}>
2 2 726 561 <{3049}->{3049}>
2 2 232 194 <{3049}->{3051}>
2 2 221 181 <{3049}->{3052}>
2 2 260 203 <{3049}->{3055}>
2 2 230 185 <{3049}->{3058}>
2 2 247 194 <{3049}->{3062}>
2 2 468 362 <{3049}->{3063}>
2 2 493 399 <{3049}->{3064}>
2 2 167 120 <{3049}->{3066}>
2 2 428 327 <{3049}->{3067}>
2 2 710 549 <{3049}->{3069}>
2 2 266 221 <{3049}->{3074}>
2 2 301 246 <{3049}->{3075}>
2 2 238 183 <{3049}->{3076}>
2 2 130 114 <{3049}->{3081}>
2 2 554 412 <{3049}->{3082}>
2 2 629 485 <{3051}->{3005}>
2 2 226 190 <{3051}->{3006}>
2 2 157 133 <{3051}->{3007}>
2 2 208 168 <{3051}->{3008}>
2 2 372 286 <{3051}->{3014}>
2 2 222 172 <{3051}->{3019}>
2 2 134 108 <{3051}->{3021}>
2 2 348 261 <{3051}->{3022}>
2 2 179 141 <{3051}->{3023}>
2 2 183 153 <{3051}->{3026}>
2 2 173 148 <{3051}->{3027}>
2 2 133 115 <{3051}->{3029}>
2 2 306 228 <{3051}->{3030}>
2 2 481 363 <{3051}->{3031}>
2 2 257 203 <{3051}->{3032}>
2 2 255 197 <{3051}->{3034}>
2 2 303 250 <{3051}->{3035}>
2 2 149 125 <{3051}->{3037}>
2 2 304 235 <{3051}->{3038}>
2 2 416 325 <{3051}->{3042}>
2 2 186 150 <{3051}->{3047}>
2 2 285 207 <{3051}->{3048}>
2 2 233 160 <{3051}->{3049}>
2 2 345 290 <{3051}->{3051}>
2 2 145 116 <{3051}->{3052}>
2 2 203 161 <{3051}->{3055}>
2 2 140 116 <{3051}->{3058}>
2 2 175 138 <{3051}->{3062}>
2 2 289 231 <{3051}->{3063}>
2 2 438 331 <{3051}->{3064}>
2 2 267 210 <{3051}->{3067}>
2 2 447 335 <{3051}->{3069}>
2 2 201 175 <{3051}->{3074}>
2 2 213 179 <{3051}->{3075}>
2 2 168 131 <{3051}->{3076}>
2 2 414 305 <{3051}->{3082}>
2 2 734 544 <{3052}->{3005}>
2 2 267 234 <{3052}->{3006}>
2 2 169 150 <{3052}->{3007}>
2 2 292 239 <{3052}->{3008}>
2 2 137 118 <{3052}->{3011}>
2 2 331 273 <{3052}->{3014}>
2 2 153 126 <{3052}->{3019}>
2 2 303 215 <{3052}->{3022}>
2 2 187 157 <{3052}->{3023}>
2 2 136 109 <{3052}->{3027}>
2 2 279 220 <{3052}->{3030}>
2 2 518 406 <{3052}->{3031}>
2 2 262 213 <{3052}->{3032}>
2 2 355 253 <{3052}->{3034}>
2 2 398 327 <{3052}->{3035}>
2 2 273 207 <{3052}->{3038}>
2 2 343 286 <{3052}->{3042}>
2 2 193 146 <{3052}->{3047}>
2 2 243 181 <{3052}->{3048}>
2 2 278 205 <{3052}->{3049}>
2 2 181 158 <{3052}->{3051}>
2 2 451 355 <{3052}->{3052}>
2 2 190 162 <{3052}->{3055}>
2 2 144 115 <{3052}->{3058}>
2 2 182 153 <{3052}->{3062}>
2 2 283 243 <{3052}->{3063}>
2 2 563 452 <{3052}->{3064}>
2 2 253 196 <{3052}->{3067}>
2 2 425 322 <{3052}->{3069}>
2 2 244 195 <{3052}->{3074}>
2 2 180 156 <{3052}->{3075}>
2 2 163 136 <{3052}->{3076}>
2 2 308 238 <{3052}->{3082}>
2 2 253 192 <{3054}->{3005}>
2 2 141 111 <{3054}->{3014}>
2 2 271 190 <{3054}->{3022}>
2 2 159 127 <{3054}->{3031}>
2 2 180 154 <{3054}->{3042}>
2 2 164 111 <{3054}->{3048}>
2 2 150 124 <{3054}->{3054}>
2 2 175 136 <{3054}->{3069}>
2 2 217 160 <{3054}->{3082}>
2 2 123 123 <{3055}->{3000}>
2 2 980 759 <{3055}->{3005}>
2 2 463 360 <{3055}->{3006}>
2 2 264 230 <{3055}->{3007}>
2 2 250 208 <{3055}->{3008}>
2 2 183 140 <{3055}->{3011}>
2 2 677 521 <{3055}->{3014}>
2 2 225 181 <{3055}->{3016}>
2 2 189 160 <{3055}->{3018}>
2 2 222 181 <{3055}->{3019}>
2 2 180 139 <{3055}->{3021}>
2 2 562 400 <{3055}->{3022}>
2 2 269 212 <{3055}->{3023}>
2 2 225 186 <{3055}->{3027}>
2 2 197 173 <{3055}->{3029}>
2 2 499 387 <{3055}->{3030}>
2 2 710 553 <{3055}->{3031}>
2 2 364 285 <{3055}->{3032}>
2 2 343 267 <{3055}->{3034}>
2 2 520 407 <{3055}->{3035}>
2 2 216 170 <{3055}->{3036}>
2 2 245 212 <{3055}->{3037}>
2 2 399 316 <{3055}->{3038}>
2 2 630 494 <{3055}->{3042}>
2 2 190 157 <{3055}->{3047}>
2 2 448 318 <{3055}->{3048}>
2 2 258 212 <{3055}->{3049}>
2 2 231 194 <{3055}->{3051}>
2 2 163 127 <{3055}->{3052}>
2 2 611 490 <{3055}->{3055}>
2 2 149 106 <{3055}->{3056}>
2 2 296 238 <{3055}->{3058}>
2 2 269 220 <{3055}->{3062}>
2 2 699 539 <{3055}->{3063}>
2 2 605 488 <{3055}->{3064}>
2 2 132 114 <{3055}->{3065}>
2 2 423 317 <{3055}->{3067}>
2 2 635 488 <{3055}->{3069}>
2 2 326 262 <{3055}->{3074}>
2 2 271 213 <{3055}->{3075}>
2 2 259 198 <{3055}->{3076}>
2 2 165 136 <{3055}->{3077}>
2 2 603 435 <{3055}->{3082}>
2 2 308 237 <{3056}->{3005}>
2 2 166 146 <{3056}->{3006}>
2 2 177 142 <{3056}->{3014}>
2 2 243 190 <{3056}->{3019}>
2 2 212 165 <{3056}->{3025}>
2 2 138 106 <{3056}->{3030}>
2 2 207 156 <{3056}->{3031}>
2 2 200 171 <{3056}->{3032}>
2 2 293 219 <{3056}->{3034}>
2 2 172 137 <{3056}->{3035}>
2 2 163 133 <{3056}->{3042}>
2 2 293 237 <{3056}->{3047}>
2 2 467 315 <{3056}->{3056}>
2 2 188 143 <{3056}->{3063}>
2 2 254 195 <{3056}->{3064}>
2 2 165 115 <{3056}->{3067}>
2 2 205 159 <{3056}->{3069}>
2 2 165 133 <{3056}->{3074}>
2 2 135 107 <{3056}->{3075}>
2 2 171 126 <{3056}->{3082}>
2 2 368 281 <{3058}->{3005}>
2 2 176 135 <{3058}->{3006}>
2 2 134 116 <{3058}->{3007}>
2 2 289 233 <{3058}->{3014}>
2 2 174 132 <{3058}->{3021}>
2 2 555 421 <{3058}->{3022}>
2 2 149 114 <{3058}->{3027}>
2 2 199 157 <{3058}->{3030}>
2 2 314 246 <{3058}->{3031}>
2 2 145 112 <{3058}->{3032}>
2 2 150 118 <{3058}->{3034}>
2 2 174 147 <{3058}->{3035}>
2 2 169 142 <{3058}->{3036}>
2 2 203 157 <{3058}->{3038}>
2 2 354 276 <{3058}->{3042}>
2 2 350 267 <{3058}->{3048}>
2 2 225 177 <{3058}->{3055}>
2 2 463 346 <{3058}->{3058}>
2 2 176 147 <{3058}->{3062}>
2 2 229 184 <{3058}->{3063}>
2 2 275 223 <{3058}->{3064}>
2 2 230 167 <{3058}->{3067}>
2 2 308 220 <{3058}->{3069}>
2 2 147 112 <{3058}->{3075}>
2 2 429 314 <{3058}->{3082}>
2 2 167 127 <{3059}->{3005}>
2 2 257 134 <{3059}->{3059}>
2 2 703 537 <{3062}->{3005}>
2 2 245 191 <{3062}->{3006}>
2 2 159 134 <{3062}->{3007}>
2 2 174 139 <{3062}->{3008}>
2 2 488 367 <{3062}->{3014}>
2 2 142 113 <{3062}->{3019}>
2 2 446 313 <{3062}->{3022}>
2 2 190 157 <{3062}->{3023}>
2 2 162 140 <{3062}->{3027}>
2 2 301 249 <{3062}->{3030}>
2 2 464 359 <{3062}->{3031}>
2 2 223 174 <{3062}->{3032}>
2 2 246 196 <{3062}->{3034}>
2 2 288 239 <{3062}->{3035}>
2 2 142 126 <{3062}->{3037}>
2 2 278 227 <{3062}->{3038}>
2 2 413 329 <{3062}->{3042}>
2 2 134 106 <{3062}->{3047}>
2 2 284 214 <{3062}->{3048}>
2 2 186 144 <{3062}->{3049}>
2 2 152 129 <{3062}->{3051}>
2 2 204 169 <{3062}->{3055}>
2 2 185 153 <{3062}->{3058}>
2 2 496 384 <{3062}->{3062}>
2 2 324 253 <{3062}->{3063}>
2 2 436 343 <{3062}->{3064}>
2 2 256 201 <{3062}->{3067}>
2 2 517 403 <{3062}->{3069}>
2 2 168 148 <{3062}->{3074}>
2 2 224 184 <{3062}->{3075}>
2 2 197 135 <{3062}->{3076}>
2 2 414 306 <{3062}->{3082}>
2 2 674 507 <{3063}->{3005}>
2 2 362 300 <{3063}->{3006}>
2 2 197 172 <{3063}->{3007}>
2 2 334 270 <{3063}->{3008}>
2 2 198 136 <{3063}->{3011}>
2 2 492 392 <{3063}->{3014}>
2 2 166 125 <{3063}->{3016}>
2 2 193 167 <{3063}->{3018}>
2 2 268 200 <{3063}->{3019}>
2 2 168 118 <{3063}->{3021}>
2 2 428 316 <{3063}->{3022}>
2 2 251 201 <{3063}->{3023}>
2 2 155 124 <{3063}->{3026}>
2 2 185 149 <{3063}->{3027}>
2 2 124 108 <{3063}->{3029}>
2 2 426 336 <{3063}->{3030}>
2 2 641 490 <{3063}->{3031}>
2 2 288 244 <{3063}->{3032}>
2 2 359 266 <{3063}->{3034}>
2 2 397 318 <{3063}->{3035}>
2 2 147 115 <{3063}->{3036}>
2 2 130 114 <{3063}->{3037}>
2 2 363 283 <{3063}->{3038}>
2 2 532 414 <{3063}->{3042}>
2 2 221 175 <{3063}->{3047}>
2 2 305 220 <{3063}->{3048}>
2 2 255 199 <{3063}->{3049}>
2 2 221 182 <{3063}->{3051}>
2 2 149 112 <{3063}->{3052}>
2 2 305 250 <{3063}->{3055}>
2 2 178 128 <{3063}->{3056}>
2 2 205 161 <{3063}->{3058}>
2 2 227 188 <{3063}->{3062}>
2 2 797 607 <{3063}->{3063}>
2 2 573 458 <{3063}->{3064}>
2 2 142 119 <{3063}->{3065}>
2 2 357 279 <{3063}->{3067}>
2 2 527 396 <{3063}->{3069}>
2 2 327 267 <{3063}->{3074}>
2 2 265 216 <{3063}->{3075}>
2 2 225 188 <{3063}->{3076}>
2 2 572 425 <{3063}->{3082}>
2 2 150 150 <{3064}->{3000}>
2 2 1091 820 <{3064}->{3005}>
2 2 468 385 <{3064}->{3006}>
2 2 318 274 <{3064}->{3007}>
2 2 416 355 <{3064}->{3008}>
2 2 264 205 <{3064}->{3011}>
2 2 706 590 <{3064}->{3014}>
2 2 227 176 <{3064}->{3016}>
2 2 268 229 <{3064}->{3018}>
2 2 380 301 <{3064}->{3019}>
2 2 241 166 <{3064}->{3021}>
2 2 663 469 <{3064}->{3022}>
2 2 366 291 <{3064}->{3023}>
2 2 137 109 <{3064}->{3025}>
2 2 166 131 <{3064}->{3026}>
2 2 245 208 <{3064}->{3027}>
2 2 240 203 <{3064}->{3029}>
2 2 636 504 <{3064}->{3030}>
2 2 1064 826 <{3064}->{3031}>
2 2 596 465 <{3064}->{3032}>
2 2 131 119 <{3064}->{3033}>
2 2 753 554 <{3064}->{3034}>
2 2 669 542 <{3064}->{3035}>
2 2 232 196 <{3064}->{3036}>
2 2 213 195 <{3064}->{3037}>
2 2 684 540 <{3064}->{3038}>
2 2 775 627 <{3064}->{3042}>
2 2 182 159 <{3064}->{3046}>
2 2 473 359 <{3064}->{3047}>
2 2 536 380 <{3064}->{3048}>
2 2 434 335 <{3064}->{3049}>
2 2 338 293 <{3064}->{3051}>
2 2 335 255 <{3064}->{3052}>
2 2 174 146 <{3064}->{3054}>
2 2 468 377 <{3064}->{3055}>
2 2 315 232 <{3064}->{3056}>
2 2 351 271 <{3064}->{3058}>
2 2 439 366 <{3064}->{3062}>
2 2 674 534 <{3064}->{3063}>
2 2 1143 891 <{3064}->{3064}>
2 2 135 113 <{3064}->{3065}>
2 2 169 141 <{3064}->{3066}>
2 2 686 524 <{3064}->{3067}>
2 2 127 117 <{3064}->{3068}>
2 2 999 751 <{3064}->{3069}>
2 2 410 339 <{3064}->{3074}>
2 2 437 362 <{3064}->{3075}>
2 2 419 327 <{3064}->{3076}>
2 2 163 142 <{3064}->{3077}>
2 2 811 593 <{3064}->{3082}>
2 2 229 179 <{3065}->{3005}>
2 2 216 176 <{3065}->{3014}>
2 2 178 133 <{3065}->{3022}>
2 2 203 154 <{3065}->{3030}>
2 2 217 172 <{3065}->{3031}>
2 2 275 213 <{3065}->{3038}>
2 2 213 174 <{3065}->{3042}>
2 2 152 125 <{3065}->{3063}>
2 2 174 129 <{3065}->{3064}>
2 2 176 149 <{3065}->{3065}>
2 2 213 150 <{3065}->{3069}>
2 2 154 114 <{3065}->{3082}>
2 2 306 231 <{3066}->{3005}>
2 2 138 124 <{3066}->{3006}>
2 2 422 313 <{3066}->{3014}>
2 2 163 119 <{3066}->{3016}>
2 2 219 166 <{3066}->{3019}>
2 2 206 156 <{3066}->{3022}>
2 2 218 182 <{3066}->{3027}>
2 2 243 179 <{3066}->{3030}>
2 2 299 229 <{3066}->{3031}>
2 2 128 110 <{3066}->{3032}>
2 2 148 111 <{3066}->{3034}>
2 2 292 225 <{3066}->{3035}>
2 2 160 133 <{3066}->{3038}>
2 2 297 227 <{3066}->{3042}>
2 2 189 143 <{3066}->{3049}>
2 2 156 140 <{3066}->{3051}>
2 2 179 154 <{3066}->{3063}>
2 2 224 173 <{3066}->{3064}>
2 2 299 231 <{3066}->{3066}>
2 2 198 152 <{3066}->{3067}>
2 2 368 273 <{3066}->{3069}>
2 2 249 176 <{3066}->{3082}>
2 2 117 117 <{3067}->{3000}>
2 2 933 698 <{3067}->{3005}>
2 2 442 365 <{3067}->{3006}>
2 2 365 317 <{3067}->{3007}>
2 2 357 297 <{3067}->{3008}>
2 2 169 140 <{3067}->{3011}>
2 2 680 536 <{3067}->{3014}>
2 2 236 184 <{3067}->{3016}>
2 2 166 135 <{3067}->{3018}>
2 2 258 207 <{3067}->{3019}>
2 2 158 123 <{3067}->{3020}>
2 2 227 172 <{3067}->{3021}>
2 2 594 431 <{3067}->{3022}>
2 2 302 241 <{3067}->{3023}>
2 2 147 130 <{3067}->{3026}>
2 2 268 219 <{3067}->{3027}>
2 2 181 155 <{3067}->{3029}>
2 2 517 409 <{3067}->{3030}>
2 2 744 575 <{3067}->{3031}>
2 2 468 377 <{3067}->{3032}>
2 2 140 126 <{3067}->{3033}>
2 2 390 299 <{3067}->{3034}>
2 2 558 456 <{3067}->{3035}>
2 2 195 162 <{3067}->{3036}>
2 2 232 196 <{3067}->{3037}>
2 2 456 353 <{3067}->{3038}>
2 2 658 515 <{3067}->{3042}>
2 2 130 112 <{3067}->{3046}>
2 2 241 191 <{3067}->{3047}>
2 2 338 254 <{3067}->{3048}>
2 2 348 273 <{3067}->{3049}>
2 2 258 216 <{3067}->{3051}>
2 2 172 141 <{3067}->{3052}>
2 2 128 112 <{3067}->{3054}>
2 2 321 259 <{3067}->{3055}>
2 2 257 196 <{3067}->{3058}>
2 2 287 229 <{3067}->{3062}>
2 2 501 404 <{3067}->{3063}>
2 2 683 538 <{3067}->{3064}>
2 2 140 113 <{3067}->{3065}>
2 2 141 110 <{3067}->{3066}>
2 2 1013 751 <{3067}->{3067}>
2 2 642 472 <{3067}->{3069}>
2 2 376 310 <{3067}->{3074}>
2 2 331 279 <{3067}->{3075}>
2 2 276 237 <{3067}->{3076}>
2 2 138 120 <{3067}->{3077}>
2 2 816 584 <{3067}->{3082}>
2 2 132 131 <{3068}->{3000}>
2 2 898 680 <{3068}->{3005}>
2 2 425 354 <{3068}->{3006}>
2 2 348 299 <{3068}->{3007}>
2 2 278 237 <{3068}->{3008}>
2 2 242 178 <{3068}->{3011}>
2 2 689 542 <{3068}->{3014}>
2 2 190 153 <{3068}->{3016}>
2 2 250 210 <{3068}->{3018}>
2 2 288 214 <{3068}->{3019}>
2 2 248 170 <{3068}->{3021}>
2 2 557 400 <{3068}->{3022}>
2 2 291 238 <{3068}->{3023}>
2 2 211 185 <{3068}->{3026}>
2 2 249 212 <{3068}->{3027}>
2 2 167 151 <{3068}->{3029}>
2 2 562 451 <{3068}->{3030}>
2 2 786 598 <{3068}->{3031}>
2 2 405 326 <{3068}->{3032}>
2 2 450 330 <{3068}->{3034}>
2 2 481 408 <{3068}->{3035}>
2 2 197 163 <{3068}->{3036}>
2 2 213 179 <{3068}->{3037}>
2 2 471 354 <{3068}->{3038}>
2 2 877 722 <{3068}->{3042}>
2 2 138 116 <{3068}->{3046}>
2 2 246 182 <{3068}->{3047}>
2 2 508 381 <{3068}->{3048}>
2 2 306 241 <{3068}->{3049}>
2 2 242 211 <{3068}->{3051}>
2 2 185 139 <{3068}->{3052}>
2 2 427 344 <{3068}->{3055}>
2 2 159 119 <{3068}->{3056}>
2 2 260 197 <{3068}->{3058}>
2 2 300 240 <{3068}->{3062}>
2 2 567 442 <{3068}->{3063}>
2 2 768 602 <{3068}->{3064}>
2 2 132 109 <{3068}->{3065}>
2 2 211 159 <{3068}->{3066}>
2 2 509 371 <{3068}->{3067}>
2 2 307 276 <{3068}->{3068}>
2 2 718 535 <{3068}->{3069}>
2 2 333 281 <{3068}->{3074}>
2 2 297 249 <{3068}->{3075}>
2 2 280 219 <{3068}->{3076}>
2 2 835 637 <{3068}->{3082}>
2 2 153 153 <{3069}->{3000}>
2 2 1018 778 <{3069}->{3005}>
2 2 504 399 <{3069}->{3006}>
2 2 375 329 <{3069}->{3007}>
2 2 379 320 <{3069}->{3008}>
2 2 223 162 <{3069}->{3011}>
2 2 967 749 <{3069}->{3014}>
2 2 312 247 <{3069}->{3016}>
2 2 223 194 <{3069}->{3018}>
2 2 338 285 <{3069}->{3019}>
2 2 287 220 <{3069}->{3021}>
2 2 907 675 <{3069}->{3022}>
2 2 518 393 <{3069}->{3023}>
2 2 191 158 <{3069}->{3026}>
2 2 317 279 <{3069}->{3027}>
2 2 229 198 <{3069}->{3029}>
2 2 743 582 <{3069}->{3030}>
2 2 974 740 <{3069}->{3031}>
2 2 426 346 <{3069}->{3032}>
2 2 169 156 <{3069}->{3033}>
2 2 491 367 <{3069}->{3034}>
2 2 543 447 <{3069}->{3035}>
2 2 287 234 <{3069}->{3036}>
2 2 263 230 <{3069}->{3037}>
2 2 549 431 <{3069}->{3038}>
2 2 1016 812 <{3069}->{3042}>
2 2 194 164 <{3069}->{3046}>
2 2 303 247 <{3069}->{3047}>
2 2 684 480 <{3069}->{3048}>
2 2 584 455 <{3069}->{3049}>
2 2 362 303 <{3069}->{3051}>
2 2 240 185 <{3069}->{3052}>
2 2 175 145 <{3069}->{3054}>
2 2 427 355 <{3069}->{3055}>
2 2 186 140 <{3069}->{3056}>
2 2 376 290 <{3069}->{3058}>
2 2 485 388 <{3069}->{3062}>
2 2 659 526 <{3069}->{3063}>
2 2 849 683 <{3069}->{3064}>
2 2 182 155 <{3069}->{3065}>
2 2 215 178 <{3069}->{3066}>
2 2 606 452 <{3069}->{3067}>
2 2 162 148 <{3069}->{3068}>
2 2 1350 994 <{3069}->{3069}>
2 2 406 334 <{3069}->{3074}>
2 2 580 478 <{3069}->{3075}>
2 2 364 293 <{3069}->{3076}>
2 2 136 119 <{3069}->{3077}>
2 2 183 135 <{3069}->{3078}>
2 2 124 112 <{3069}->{3081}>
2 2 1035 777 <{3069}->{3082}>
2 2 526 423 <{3074}->{3005}>
2 2 269 227 <{3074}->{3006}>
2 2 161 143 <{3074}->{3007}>
2 2 177 151 <{3074}->{3008}>
2 2 137 107 <{3074}->{3011}>
2 2 393 307 <{3074}->{3014}>
2 2 152 132 <{3074}->{3018}>
2 2 270 213 <{3074}->{3019}>
2 2 165 111 <{3074}->{3021}>
2 2 324 249 <{3074}->{3022}>
2 2 194 145 <{3074}->{3023}>
2 2 175 145 <{3074}->{3027}>
2 2 133 112 <{3074}->{3029}>
2 2 289 230 <{3074}->{3030}>
2 2 481 389 <{3074}->{3031}>
2 2 430 324 <{3074}->{3032}>
2 2 338 246 <{3074}->{3034}>
2 2 343 288 <{3074}->{3035}>
2 2 355 280 <{3074}->{3038}>
2 2 422 330 <{3074}->{3042}>
2 2 279 213 <{3074}->{3047}>
2 2 211 159 <{3074}->{3048}>
2 2 237 173 <{3074}->{3049}>
2 2 173 152 <{3074}->{3051}>
2 2 164 131 <{3074}->{3052}>
2 2 254 219 <{3074}->{3055}>
2 2 201 138 <{3074}->{3056}>
2 2 143 118 <{3074}->{3058}>
2 2 179 148 <{3074}->{3062}>
2 2 415 323 <{3074}->{3063}>
2 2 412 321 <{3074}->{3064}>
2 2 408 304 <{3074}->{3067}>
2 2 483 368 <{3074}->{3069}>
2 2 463 381 <{3074}->{3074}>
2 2 287 237 <{3074}->{3075}>
2 2 273 234 <{3074}->{3076}>
2 2 338 255 <{3074}->{3082}>
2 2 516 406 <{3075}->{3005}>
2 2 257 210 <{3075}->{3006}>
2 2 161 146 <{3075}->{3007}>
2 2 200 165 <{3075}->{3008}>
2 2 371 297 <{3075}->{3014}>
2 2 138 117 <{3075}->{3019}>
2 2 450 320 <{3075}->{3022}>
2 2 152 126 <{3075}->{3023}>
2 2 268 211 <{3075}->{3030}>
2 2 461 362 <{3075}->{3031}>
2 2 222 182 <{3075}->{3032}>
2 2 228 175 <{3075}->{3034}>
2 2 271 225 <{3075}->{3035}>
2 2 127 108 <{3075}->{3036}>
2 2 325 262 <{3075}->{3038}>
2 2 383 303 <{3075}->{3042}>
2 2 161 131 <{3075}->{3047}>
2 2 245 170 <{3075}->{3048}>
2 2 229 180 <{3075}->{3049}>
2 2 157 132 <{3075}->{3051}>
2 2 216 176 <{3075}->{3055}>
2 2 165 133 <{3075}->{3058}>
2 2 186 144 <{3075}->{3062}>
2 2 325 254 <{3075}->{3063}>
2 2 399 312 <{3075}->{3064}>
2 2 325 261 <{3075}->{3067}>
2 2 540 399 <{3075}->{3069}>
2 2 247 204 <{3075}->{3074}>
2 2 469 381 <{3075}->{3075}>
2 2 192 147 <{3075}->{3076}>
2 2 374 275 <{3075}->{3082}>
2 2 475 357 <{3076}->{3005}>
2 2 261 215 <{3076}->{3006}>
2 2 172 150 <{3076}->{3008}>
2 2 329 256 <{3076}->{3014}>
2 2 147 129 <{3076}->{3018}>
2 2 182 144 <{3076}->{3019}>
2 2 335 255 <{3076}->{3022}>
2 2 166 126 <{3076}->{3023}>
2 2 247 197 <{3076}->{3030}>
2 2 393 304 <{3076}->{3031}>
2 2 197 156 <{3076}->{3032}>
2 2 232 179 <{3076}->{3034}>
2 2 236 206 <{3076}->{3035}>
2 2 270 215 <{3076}->{3038}>
2 2 357 274 <{3076}->{3042}>
2 2 229 180 <{3076}->{3047}>
2 2 221 161 <{3076}->{3048}>
2 2 174 129 <{3076}->{3049}>
2 2 146 128 <{3076}->{3051}>
2 2 169 135 <{3076}->{3055}>
2 2 139 111 <{3076}->{3058}>
2 2 156 128 <{3076}->{3062}>
2 2 271 229 <{3076}->{3063}>
2 2 342 277 <{3076}->{3064}>
2 2 294 219 <{3076}->{3067}>
2 2 374 291 <{3076}->{3069}>
2 2 171 149 <{3076}->{3074}>
2 2 143 119 <{3076}->{3075}>
2 2 432 325 <{3076}->{3076}>
2 2 316 221 <{3076}->{3082}>
2 2 212 167 <{3077}->{3005}>
2 2 127 107 <{3077}->{3014}>
2 2 179 122 <{3077}->{3022}>
2 2 198 159 <{3077}->{3031}>
2 2 165 139 <{3077}->{3042}>
2 2 132 114 <{3077}->{3055}>
2 2 146 118 <{3077}->{3064}>
2 2 179 130 <{3077}->{3069}>
2 2 137 119 <{3077}->{3077}>
2 2 164 131 <{3078}->{3005}>
2 2 155 124 <{3078}->{3014}>
2 2 246 180 <{3078}->{3023}>
2 2 174 133 <{3078}->{3031}>
2 2 173 140 <{3078}->{3042}>
2 2 191 151 <{3078}->{3069}>
2 2 237 176 <{3078}->{3078}>
2 2 183 131 <{3078}->{3082}>
2 2 161 116 <{3079}->{3014}>
2 2 185 140 <{3079}->{3016}>
2 2 147 113 <{3079}->{3031}>
2 2 176 143 <{3079}->{3042}>
2 2 165 124 <{3079}->{3079}>
2 2 139 106 <{3081}->{3014}>
2 2 156 130 <{3081}->{3030}>
2 2 159 122 <{3081}->{3042}>
2 2 144 144 <{3082}->{3000}>
2 2 833 655 <{3082}->{3005}>
2 2 384 315 <{3082}->{3006}>
2 2 211 186 <{3082}->{3007}>
2 2 241 210 <{3082}->{3008}>
2 2 150 108 <{3082}->{3011}>
2 2 586 458 <{3082}->{3014}>
2 2 216 176 <{3082}->{3016}>
2 2 154 126 <{3082}->{3018}>
2 2 243 186 <{3082}->{3019}>
2 2 630 473 <{3082}->{3022}>
2 2 334 249 <{3082}->{3023}>
2 2 138 117 <{3082}->{3026}>
2 2 254 217 <{3082}->{3027}>
2 2 188 162 <{3082}->{3029}>
2 2 466 384 <{3082}->{3030}>
2 2 777 606 <{3082}->{3031}>
2 2 286 241 <{3082}->{3032}>
2 2 281 232 <{3082}->{3034}>
2 2 387 312 <{3082}->{3035}>
2 2 222 188 <{3082}->{3036}>
2 2 288 251 <{3082}->{3037}>
2 2 442 356 <{3082}->{3038}>
2 2 611 493 <{3082}->{3042}>
2 2 230 203 <{3082}->{3046}>
2 2 226 167 <{3082}->{3047}>
2 2 469 335 <{3082}->{3048}>
2 2 287 223 <{3082}->{3049}>
2 2 267 229 <{3082}->{3051}>
2 2 165 126 <{3082}->{3052}>
2 2 146 126 <{3082}->{3054}>
2 2 287 239 <{3082}->{3055}>
2 2 382 297 <{3082}->{3058}>
2 2 281 227 <{3082}->{3062}>
2 2 503 417 <{3082}->{3063}>
2 2 523 416 <{3082}->{3064}>
2 2 134 107 <{3082}->{3065}>
2 2 144 113 <{3082}->{3066}>
2 2 448 353 <{3082}->{3067}>
2 2 750 579 <{3082}->{3069}>
2 2 230 199 <{3082}->{3074}>
2 2 294 242 <{3082}->{3075}>
2 2 204 176 <{3082}->{3076}>
2 2 1277 922 <{3082}->{3082}>
